   1.5250000e+01   1.2624603e+01  -1.3277812e+01   2.3250231e+01             NaN             NaN
   1.5300000e+01   2.2658703e+01  -1.8712402e+01   1.6971499e+01             NaN             NaN
   1.5350000e+01   8.1650029e+00   2.6139460e+00   8.9825170e-01             NaN             NaN
   1.5400000e+01   2.4888503e+01   1.3922862e+01   1.8789936e+00             NaN             NaN
   1.5450000e+01  -1.7477697e+01  -2.0684372e+01  -5.5809834e+00             NaN             NaN
   1.5500000e+01   3.4922603e+01  -3.5284647e+01  -8.6522130e+00             NaN             NaN
   1.5550000e+01   2.9348103e+01   1.0798205e+01   2.2174681e+00             NaN             NaN
   1.5600000e+01  -1.4132997e+01  -5.4731007e+00   6.4327054e+00             NaN             NaN
   1.5650000e+01  -8.5584971e+00  -3.2233551e+00  -5.3301541e+01             NaN             NaN
   1.5700000e+01   3.3807703e+01  -1.8772590e+01   5.5142848e+00             NaN             NaN
   1.5750000e+01  -1.9707497e+01   7.7800623e+00  -1.1046829e+01             NaN             NaN
   1.5800000e+01   1.8199103e+01  -1.1940002e+01   2.5374017e+01             NaN             NaN
   1.5850000e+01  -5.2137971e+00   1.9566226e+00  -1.2823023e+00             NaN             NaN
   1.5900000e+01   3.7054029e+00   2.8536998e+01  -6.5650378e+00             NaN             NaN
   1.5950000e+01   1.3739503e+01  -1.2463089e+01   2.8372943e-01             NaN             NaN
   1.6000000e+01   5.4990803e+01  -1.7883817e+01   5.3623356e+00             NaN             NaN
   1.6050000e+01   7.0501029e+00  -1.8485207e+00  -7.7488391e+00             NaN             NaN
   1.6100000e+01  -2.6396897e+01   5.6275290e+00   2.9341079e+00             NaN             NaN
   1.6150000e+01   9.2799029e+00   8.9002842e+00  -2.7254841e+01             NaN             NaN
   1.6200000e+01   1.5198710e+02   8.2179068e+01   3.2811905e+01   3.4480565e-01   1.8720272e-01
   1.6250000e+01   1.8989370e+02   7.5226104e+01   7.9240885e+01   2.7827746e-01   2.9965379e-01
   1.6300000e+01   1.3303380e+02  -1.8305132e+01   1.5388784e+02  -1.5463398e-01   5.3555004e-01
   1.6350000e+01   1.1185070e+02  -1.0074546e+01   7.2965570e+01  -9.6091104e-02   3.9391868e-01
   1.6400000e+01   1.2634440e+02  -1.2250243e+01   1.0748191e+02  -1.0420489e-01   4.5890889e-01
   1.6450000e+01   1.2857420e+02  -2.1564026e+01   6.9634827e+01  -1.9508536e-01   3.4943086e-01
   1.6500000e+01   1.3414870e+02  -2.2962023e+01   1.6126779e+02  -1.9990314e-01   5.4495562e-01
   1.6550000e+01   1.3637850e+02  -5.8296676e+00   1.0673880e+02  -4.3411338e-02   4.3868311e-01
   1.6600000e+01   1.4864240e+02   8.6039051e+00   5.2486831e+01   5.3333449e-02   2.6180366e-01
   1.6650000e+01   1.6090630e+02  -8.8802753e+00   1.0244471e+02  -5.6765124e-02   3.8845397e-01
   1.6700000e+01   1.3080400e+02   1.0159303e+01   7.9804194e+01   7.0281962e-02   3.7972123e-01
   1.6750000e+01   1.8766390e+02   1.8880510e+01   7.8687617e+01   8.9188942e-02   2.9675835e-01
   1.6800000e+01   1.6871060e+02   1.9288899e+02   1.8098841e+01   5.2669310e-01   1.2110793e-01
   1.6850000e+01   1.9323840e+02   1.1098961e+01   6.8107960e+01   5.2943718e-02   2.6144144e-01
   1.6900000e+01   1.4864240e+02  -3.2512603e+00   1.7275050e+02  -2.1752260e-02   5.3738073e-01
   1.6950000e+01   1.8877880e+02  -2.1912262e+00   6.2743918e+01  -1.1426629e-02   2.4928169e-01
   1.7000000e+01   2.6236220e+02   6.5259558e+01   7.1027029e+01   1.9491105e-01   2.1713589e-01
   1.7050000e+01   1.5198710e+02   7.5795517e+01   7.9271187e+01   3.2677396e-01   3.4848202e-01
   1.7100000e+01   2.4229400e+02   1.4117104e+01   5.8499657e+01   5.3665757e-02   1.9549222e-01
   1.7150000e+01   2.0327250e+02  -7.1027300e+00   1.0900259e+02  -3.5206547e-02   3.4866406e-01
   1.7200000e+01   1.5087220e+02   2.6648196e+01   1.3280417e+02   1.4669423e-01   4.6948408e-01
   1.7250000e+01   3.7050750e+02  -7.1006004e-01   4.3829511e+01  -1.8687821e-03   1.0574137e-01
   1.7300000e+01   1.7874470e+02   1.8746273e+01   1.3361899e+02   9.2623081e-02   4.2868259e-01
   1.7350000e+01   7.5059003e+01   6.8124984e+00   7.3455030e+01   8.1168796e-02   4.9521801e-01
   1.7400000e+01   2.3003010e+02  -2.2202928e+01   7.4029233e+01  -1.0368619e-01   2.4199220e-01
   1.7450000e+01   1.6425100e+02  -9.1719123e+00   1.1161808e+02  -5.7473984e-02   4.0407638e-01
   1.7500000e+01   1.8877880e+02   3.2803886e+00   1.3532417e+02   1.6631752e-02   4.1769181e-01
   1.7550000e+01   1.3303380e+02   3.6411016e+01   1.4776713e+02   2.1035484e-01   5.2786864e-01
   1.7600000e+01   1.4641260e+02   5.1505866e+00   6.8889478e+01   3.3106010e-02   3.2040059e-01
   1.7650000e+01   1.2857420e+02  -5.8950212e-01   6.2714036e+01  -4.4825348e-03   3.2779568e-01
   1.7700000e+01   1.2857420e+02  -1.7916282e+01   1.2183376e+02  -1.5690697e-01   4.8555857e-01
   1.7750000e+01   1.5644670e+02  -2.8400363e-01   1.1064321e+02  -1.7700081e-03   4.1423791e-01
   1.7800000e+01   6.7254703e+01   1.1140728e+01   6.1553914e+01   1.3884273e-01   4.7907376e-01
   1.7850000e+01   1.2857420e+02  -1.7916282e+01   6.9226780e+01  -1.5690697e-01   3.4840656e-01
   1.7900000e+01   1.2857420e+02   1.4913406e+01   1.3645942e+02   1.0144223e-01   5.1560345e-01
   1.7950000e+01   1.6090630e+02  -1.4351890e+01   1.3736568e+02  -9.5066207e-02   4.5984456e-01
   1.8000000e+01   1.5087220e+02   2.4824325e+01   1.2843368e+02   1.3804003e-01   4.6111012e-01
   1.8050000e+01   1.5979140e+02  -5.1353197e+00   9.5166774e+01  -3.2289808e-02   3.7292711e-01
   1.8100000e+01   9.9586803e+01  -6.2694031e+00   7.0283067e+01  -6.5273240e-02   4.1316839e-01
   1.8150000e+01   1.1073580e+02  -1.0889270e+01   7.3059472e+01  -1.0584079e-01   3.9655028e-01
   1.8200000e+01   1.5867650e+02  -3.2142357e+00   7.8943820e+01  -2.0112352e-02   3.3198552e-01
   1.8250000e+01   9.0667603e+01   1.2747012e+01   1.5051931e+02   1.2036702e-01   6.2460703e-01
   1.8300000e+01   8.2863303e+01   2.5282664e+01   8.5093111e+01   2.2897123e-01   5.0861253e-01
   1.8350000e+01   1.1965500e+02   1.0219491e+01   1.1413401e+02   7.6748216e-02   4.8878885e-01
   1.8400000e+01   1.7651490e+02   1.4381018e+01   8.6080369e+01   7.3471169e-02   3.2878746e-01
   1.8450000e+01   1.7317020e+02   1.5511077e+02   2.6888284e+01   4.6575584e-01   1.5195327e-01
   1.8500000e+01   1.8877880e+02   1.1487811e+01   9.5522641e+01   5.5917014e-02   3.3670613e-01
   1.8550000e+01   1.7762980e+02   1.1547999e+01   1.3213971e+02   5.9510628e-02   4.2714435e-01
   1.8600000e+01   1.8877880e+02  -3.6735456e-01   6.7114414e+01  -1.8976027e-03   2.6224681e-01
   1.8650000e+01   1.6202120e+02  -1.5361038e+01   6.4283483e+01  -1.0165895e-01   2.8275768e-01
   1.8700000e+01   1.5421690e+02  -8.9578917e-02   6.4881786e+01  -5.6567786e-04   2.9612273e-01
   1.8750000e+01   1.5644670e+02  -1.6698848e+01   1.6737366e+02  -1.1593327e-01   5.1620599e-01
   1.8800000e+01   1.3191890e+02  -4.5288824e+00   8.1444492e+01  -3.4569527e-02   3.8136675e-01
   1.8850000e+01   7.5059003e+01   1.5931856e+01   1.3190367e+02   1.7121938e-01   6.3807442e-01
   1.8900000e+01   8.0633503e+01   1.7269666e+01   4.9398837e+01   1.7249904e-01   3.8208714e-01
   1.8950000e+01   1.6982550e+02  -1.1481846e+01   5.4681153e+01  -7.0440265e-02   2.4252732e-01
   1.9000000e+01   2.0438740e+02   1.9194157e+00   1.1027784e+02   9.0575985e-03   3.5056658e-01
   1.9050000e+01   1.6871060e+02  -5.0010827e+00   1.1800224e+02  -2.9708851e-02   4.1129532e-01
   1.9100000e+01   8.8437803e+01  -7.3760050e-01   9.0277250e+01  -8.1841365e-03   5.0509179e-01
   1.9150000e+01   2.3671950e+02   2.1887679e+02  -9.8769436e-01   4.7366865e-01   2.0096637e-02
   1.9200000e+01   1.9658310e+02   2.9350742e+02  -3.8970947e+01   5.9236763e-01  -1.8819516e-01
   1.9250000e+01   1.7762980e+02   4.4377687e+01   8.9583870e+01   1.9560065e-01   3.3818570e-01
   1.9300000e+01   1.5087220e+02  -1.0741171e+01   1.1640132e+02  -7.4452519e-02   4.3490764e-01
   1.9350000e+01   1.3860830e+02   1.9510110e+01   9.2462393e+01   1.2049244e-01   4.0149654e-01
   1.9400000e+01   1.6090630e+02  -3.1678670e+01   5.9249806e+01  -2.3704388e-01   2.6630827e-01
   1.9450000e+01   8.7322903e+01  -2.8910398e+01   1.3917671e+02             NaN   6.1314971e-01
   1.9500000e+01   2.1442150e+02  -2.4489698e+01   4.9163883e+01  -1.2506716e-01   1.8449726e-01
   1.9550000e+01   7.3944103e+01   2.8796170e+01  -4.7938883e+01             NaN             NaN
   1.9600000e+01   1.4641260e+02  -1.4000065e+01   1.3850226e+01  -1.0261875e-01   8.4286654e-02
   1.9650000e+01  -2.4167097e+01  -1.0069804e+01  -1.5900812e+01             NaN             NaN
   1.9700000e+01  -5.0924697e+01  -6.8247720e+00   3.6409521e+01             NaN             NaN
   1.9750000e+01   1.1509703e+01  -3.3243187e+01  -1.5684299e+01             NaN             NaN
   1.9800000e+01  -3.7545897e+01   2.9519094e+00  -4.2484143e+01             NaN             NaN
   1.9850000e+01  -3.8660797e+01  -1.1541851e+01  -3.3998284e+01             NaN             NaN
   1.9900000e+01   4.8203029e+00  -2.0804748e+01  -3.0782671e+01             NaN             NaN
   1.9950000e+01  -1.3018097e+01   1.1756467e+01  -3.4380829e+01             NaN             NaN
   2.0000000e+01  -1.7477697e+01   1.3057252e+01  -5.0526100e+01             NaN             NaN
   2.0050000e+01  -1.9707497e+01   1.2339741e+01  -3.9004008e+01             NaN             NaN
   2.0100000e+01  -2.5281997e+01  -1.3620335e+01   7.3717254e+00             NaN             NaN
   2.0150000e+01  -2.4167097e+01   7.2569759e+00  -3.6137116e+01             NaN             NaN
   2.0200000e+01   2.5905029e+00  -1.6050644e+01  -5.6468810e+01             NaN             NaN
   2.0250000e+01   3.7054029e+00  -1.5235921e+01   6.1878841e-01             NaN             NaN
   2.0300000e+01   3.4922603e+01  -2.4549580e+00  -3.1755977e+00             NaN             NaN
   2.0350000e+01   4.8203029e+00   5.6413904e+00   7.4296669e+00             NaN             NaN
