   2.6250000e+01  -1.2542625e+01  -2.4344304e+01  -3.0220338e+01             NaN             NaN
   2.6300000e+01  -2.4806525e+01  -9.5959306e+00  -1.8116163e+01             NaN             NaN
   2.6350000e+01   7.2189775e+01  -1.3493727e+01  -2.7069709e+01             NaN             NaN
   2.6400000e+01   2.5363975e+01  -2.9473395e+01  -4.1176881e+01             NaN             NaN
   2.6450000e+01  -3.7070425e+01  -1.9469824e+01  -5.3577389e+01             NaN             NaN
   2.6500000e+01   9.7553750e+00  -3.0848230e+01  -8.9627429e+00             NaN             NaN
   2.6550000e+01   7.5255750e+00  -1.0591217e+01  -3.6383082e+01             NaN             NaN
   2.6600000e+01  -1.3936250e+00  -6.9416046e-01  -3.5180818e+01             NaN             NaN
   2.6650000e+01   1.9510750e+00  -3.4727422e+01   7.5013675e+00             NaN             NaN
   2.6700000e+01  -1.3657525e+01  -2.6070963e+01  -2.5773041e+00             NaN             NaN
   2.6750000e+01  -2.4806525e+01  -2.9658518e+01   1.1575217e+01             NaN             NaN
   2.6800000e+01  -1.2542625e+01  -1.5224946e+01  -1.5060758e+00             NaN             NaN
   2.6850000e+01   2.3134175e+01  -1.9247677e+01   5.7172296e+00             NaN             NaN
   2.6900000e+01   1.7559675e+01  -2.6969037e+01  -2.0852333e+01             NaN             NaN
   2.6950000e+01  -1.4772425e+01  -4.3954799e-01   3.7072958e+00             NaN             NaN
   2.7000000e+01  -2.0346925e+01  -2.6892936e+00   3.9727822e+00             NaN             NaN
   2.7050000e+01  -1.8117125e+01  -1.9298563e+01  -1.0365659e+00             NaN             NaN
   2.7100000e+01  -2.7036325e+01   1.2484953e+01  -4.1166005e+01             NaN             NaN
   2.7150000e+01   4.9891775e+01   1.0973798e+02  -6.4905738e+00   6.9341835e-01  -2.3815462e-01
   2.7200000e+01   2.2939067e+02  -1.5345503e+01   9.6259660e+01  -7.3871856e-02   2.9653031e-01
   2.7250000e+01   2.8067608e+02  -1.0697914e+01   1.0933615e+02  -4.0792373e-02   2.8089859e-01
   2.7300000e+01   1.5803707e+02  -8.2119768e+00   1.2766026e+02  -5.6449300e-02   4.4728707e-01
   2.7350000e+01   1.7253078e+02  -1.8595095e+01   1.5852019e+02  -1.2464293e-01   4.7966644e-01
   2.7400000e+01   1.7810528e+02   3.1103960e+02  -2.2464915e+01   6.4232174e-01  -2.1294582e-01
   2.7450000e+01   1.8702447e+02   2.3913091e+02  -2.8166677e+01   5.6799653e-01  -2.2969898e-01
   2.7500000e+01   1.9482878e+02   2.2112364e+02  -1.4735384e+01   5.3855107e-01  -1.2076908e-01
   2.7550000e+01   1.6584137e+02  -7.0685917e+00   1.0921493e+02  -4.5837992e-02   3.9750212e-01
   2.7600000e+01   1.6584137e+02   1.5729803e+01   1.3182449e+02   8.8865662e-02   4.4202609e-01
   2.7650000e+01   1.4131358e+02  -1.5873149e+01   1.4456955e+02  -1.3058851e-01   5.0647017e-01
   2.7700000e+01   3.3865087e+02  -1.1619835e+00   7.1529513e+01  -3.5408211e-03   1.7445169e-01
   2.7750000e+01   2.7287178e+02   1.0045160e+01   4.2991844e+01   3.6473957e-02   1.3533059e-01
   2.7800000e+01   1.8479468e+02  -5.0670249e+01   1.3234341e+02             NaN   4.1992847e-01
   2.7850000e+01   1.2459007e+02  -3.1741744e+01   1.6468421e+02             NaN   5.7063471e-01
   2.7900000e+01   1.8144997e+02  -1.9372794e+01   1.2656342e+02  -1.2332845e-01   4.1194915e-01
   2.7950000e+01   1.7364568e+02  -3.6019088e+01   1.2387036e+02  -2.7113183e-01   4.1834160e-01
   2.8000000e+01   1.6695628e+02  -1.2637419e+01   1.2584593e+02  -8.4405029e-02   4.3049412e-01
   2.8050000e+01   2.6841217e+02  -2.1483743e+01   1.0599858e+02  -8.9687266e-02   2.8427010e-01
   2.8100000e+01   4.1780878e+02  -2.9038584e+01  -3.3049640e+01  -7.6970223e-02  -8.3582320e-02
   2.8150000e+01   2.0709268e+02   2.4194077e+02  -1.0836393e+00   5.4573098e-01  -3.9823619e-02
   2.8200000e+01   2.2493107e+02   1.7746180e+02   2.8957531e+01   4.4790756e-01   9.6175512e-02
   2.8250000e+01   1.7253078e+02   3.2473309e+01   6.1317125e+01   1.6215953e-01   2.5929824e-01
   2.8300000e+01   3.2750187e+02  -1.3868897e+01   4.5531472e+01  -4.5528701e-02   1.2298024e-01
   2.8350000e+01   1.3908378e+02   3.3176882e+02   5.0473976e+00   7.1038857e-01  -3.2230007e-02
   2.8400000e+01   1.9705857e+02   2.4555149e+02  -1.9760743e+01   5.6166340e-01  -1.5680038e-01
   2.8450000e+01   3.0520387e+02   2.7624706e+02  -4.6335211e+01   4.8206411e-01  -2.1570951e-01
   2.8500000e+01   2.8179098e+02   2.9652724e+02  -1.1949593e+01   5.1971066e-01  -7.7805881e-02
   2.8550000e+01   1.9259897e+02   2.3773291e+02   3.9975240e+00   5.5933107e-01  -1.4384035e-02
   2.8600000e+01   2.7621648e+02   1.3377679e+02  -2.8790705e+00   3.3245502e-01  -2.4727688e-02
   2.8650000e+01   1.5134768e+02   2.3377115e+01   9.6696081e+01   1.3706169e-01   3.8820283e-01
   2.8700000e+01   2.2047147e+02   3.0916940e+02  -6.3499464e+00   5.9049960e-01  -7.3527473e-02
   2.8750000e+01   2.2270128e+02   1.8586365e+02   5.3183066e+01   4.6184732e-01   1.7708175e-01
   2.8800000e+01   2.5391848e+02   1.1018684e+02   1.1251364e+01   3.0854598e-01   3.1034885e-02
   2.8850000e+01   2.1378207e+02   2.4682911e+02   6.4020871e-01   5.4280722e-01  -3.0591728e-02
   2.8900000e+01   2.4165457e+02   2.7722849e+02  -1.6553031e+01   5.4121694e-01  -1.1230793e-01
   2.8950000e+01   2.5614828e+02   1.3826242e+02   1.7254258e+01   3.5693480e-01   4.9504737e-02
   2.9000000e+01   2.3719497e+02  -1.2378247e+01   7.5323041e+01  -5.6705997e-02   2.4186973e-01
   2.9050000e+01   2.6506748e+02   1.9311281e+02   2.9394497e+01   4.2829770e-01   8.2799669e-02
   2.9100000e+01   2.0263307e+02   2.0038057e+02   2.1874544e+01   5.0418280e-01   7.4042325e-02
   2.9150000e+01   2.4053967e+02   2.6364666e+02  -1.0456444e+01   5.2987307e-01  -8.0488630e-02
   2.9200000e+01   2.3830988e+02   2.6657690e+02   6.5760121e-01   5.3494318e-01  -2.9760999e-02
   2.9250000e+01   2.0709268e+02   5.9553608e+01   1.0166008e+02   2.2822175e-01   3.2557865e-01
   2.9300000e+01   2.4165457e+02   3.0093886e+01   5.4550106e+01   1.1352023e-01   1.8181081e-01
   2.9350000e+01   2.6952708e+02  -2.5228699e+01   1.4987267e+02  -1.0650419e-01   3.5844270e-01
   2.9400000e+01   1.9259897e+02   7.7232213e+01   9.9718440e+01   2.9196005e-01   3.3616662e-01
   2.9450000e+01   2.1601188e+02   1.5726498e+02  -7.8271568e-01   4.2812842e-01  -2.4830905e-02
   2.9500000e+01   1.8702447e+02   2.2545187e+02   5.3851402e+00   5.5348885e-01  -5.3532541e-03
   2.9550000e+01   2.0151818e+02   1.6582422e+02   3.9466443e+01   4.5833652e-01   1.4716199e-01
   2.9600000e+01   2.0597778e+02  -2.6983081e+01   1.3192843e+02  -1.5567880e-01   3.9180374e-01
   2.9650000e+01   1.7030097e+02   8.0454675e+00   1.2123672e+02   4.6329098e-02   4.1539603e-01
   2.9700000e+01   1.6249668e+02  -1.3160505e+01   1.4421358e+02  -9.0847571e-02   4.7083748e-01
   2.9750000e+01   2.1935657e+02   2.0182968e+01   1.4262994e+02   8.6435975e-02   3.9306225e-01
   2.9800000e+01   2.5280357e+02  -1.6475027e+01   4.6008234e+01  -7.1827188e-02   1.5528877e-01
   2.9850000e+01   1.9482878e+02  -7.7722414e+00   2.0018617e+01  -4.2776534e-02   9.4103516e-02
   2.9900000e+01   1.2236028e+02  -1.7868283e+01   1.6313781e+02  -1.7669652e-01   5.7217258e-01
   2.9950000e+01   1.6472647e+02  -6.9713794e+00   1.3207942e+02  -4.5498808e-02   4.4537138e-01
   3.0000000e+01   2.0374797e+02   1.5012689e+02   9.1952227e+00   4.3106852e-01   2.3700515e-02
   3.0050000e+01   1.5134768e+02  -1.1276446e+01   1.0972157e+02  -8.2972687e-02   4.2098550e-01
   3.0100000e+01   1.5357747e+02   7.6074966e+01   1.1595548e+02   3.3747298e-01   4.2562048e-01
   3.0150000e+01   3.1969758e+02  -3.6898741e+01   5.9563310e+01  -1.3466722e-01   1.5936583e-01
   3.0200000e+01   2.3719497e+02  -3.8824385e+01   9.6579463e+01  -2.0237687e-01   2.9168739e-01
   3.0250000e+01   2.5503338e+02  -4.5851397e+01   6.7586911e+01  -2.2680477e-01   2.1266075e-01
   3.0300000e+01   3.0631878e+02   1.3512340e+01   4.4808316e+01   4.3392235e-02   1.2666159e-01
   3.0350000e+01   3.2638698e+02  -2.1067171e+01   1.2030557e+01  -7.1092107e-02   3.7245753e-02
   3.0400000e+01   2.2827578e+02   2.4282954e+02   1.4775232e+01   5.2241379e-01   3.3459444e-02
   3.0450000e+01   2.3830988e+02   1.9544590e+02   6.3508761e+01   4.5750820e-01   1.9567867e-01
   3.0500000e+01   1.8702447e+02  -4.3559475e+00   1.5460415e+02  -2.4537668e-02   4.5274784e-01
   3.0550000e+01   1.9482878e+02  -1.7803535e+01   1.6752539e+02  -1.0371228e-01   4.6307166e-01
   3.0600000e+01   1.9817347e+02  -1.9919044e+01   8.0837860e+01  -1.1527233e-01   2.9116194e-01
   3.0650000e+01   1.4800297e+02   2.0021008e+01   1.2223966e+02   1.2211630e-01   4.5118220e-01
   3.0700000e+01   1.5580728e+02  -1.6224974e+01   1.0568955e+02  -1.1992397e-01   4.0521595e-01
   3.0750000e+01   1.6361157e+02   6.8048700e+00   9.6232229e+01   4.1014644e-02   3.6987939e-01
   3.0800000e+01   4.0108528e+02  -1.1342607e+00   1.0568049e+02  -2.9165008e-03   2.0858926e-01
   3.0850000e+01   4.9696668e+02   2.2423230e+01  -2.4064386e+00   4.4339979e-02  -6.1569734e-03
   3.0900000e+01   2.3273538e+02   2.7800619e+02  -5.1816093e+00   5.5123239e-01  -5.9403428e-02
   3.0950000e+01   3.2750187e+02   2.5459474e+00   5.2844300e+01   7.9304699e-03   1.3877421e-01
   3.1000000e+01   1.9036918e+02   2.3975121e+02   1.7500841e+01   5.6427897e-01   5.3286735e-02
   3.1050000e+01   8.2223875e+01  -4.7198327e+01   1.5559124e+01             NaN             NaN
   3.1100000e+01   5.2957750e+00  -2.1340022e+01  -2.3738860e+01             NaN             NaN
   3.1150000e+01  -1.0312825e+01  -2.5450664e+01  -3.2389366e+01             NaN             NaN
   3.1200000e+01   2.0904375e+01   1.0093356e+00  -4.2288450e+01             NaN             NaN
   3.1250000e+01  -2.7872500e-01   2.8563704e+00  -1.2708156e+01             NaN             NaN
   3.1300000e+01   3.0659750e+00  -2.6617212e+01   2.2602191e+01             NaN             NaN
   3.1350000e+01  -2.3691625e+01  -1.4252822e+01  -1.5871738e+00             NaN             NaN
   3.1400000e+01   7.5255750e+00   1.3119113e+01  -3.6748129e+01             NaN             NaN
   3.1450000e+01   1.4214975e+01  -1.6646106e+01   8.7380758e-01             NaN             NaN
   3.1500000e+01  -9.1979250e+00  -1.3692711e+01  -2.2271110e+01             NaN             NaN
   3.1550000e+01   8.6404750e+00  -3.3929433e+00  -2.8821666e+00             NaN             NaN
   3.1600000e+01  -6.9681250e+00  -7.5035851e+00   4.5648827e+01             NaN             NaN
   3.1650000e+01   4.0972575e+01  -4.3882300e+00  -3.2585386e+01             NaN             NaN
   3.1700000e+01   3.6512975e+01  -3.9993806e+00  -3.0330565e+01             NaN             NaN
   3.1750000e+01  -4.7383250e+00  -1.6817368e+01   3.2272246e+00             NaN             NaN
   3.1800000e+01  -2.5921425e+01   1.4211613e+01  -2.4784991e+00             NaN             NaN
   3.1850000e+01  -1.2542625e+01  -5.1936517e+00  -7.2027256e+00             NaN             NaN
   3.1900000e+01   6.4106750e+00   7.7447110e+00   5.0265123e+00             NaN             NaN
   3.1950000e+01  -1.3657525e+01  -3.2725677e+00  -1.6563899e+01             NaN             NaN
   3.2000000e+01  -1.0312825e+01   2.9265484e+01   5.0693066e+01             NaN             NaN
   3.2050000e+01   7.5255750e+00   6.7355629e+00  -6.2996661e+00             NaN             NaN
   3.2100000e+01  -3.9300225e+01   1.7202032e+01   1.0943720e+01             NaN             NaN
   3.2150000e+01  -1.0312825e+01   9.2028964e+00  -1.7967735e+01             NaN             NaN
   3.2200000e+01  -5.0449225e+01  -9.7649579e-01  -2.1304031e+01             NaN             NaN
   3.2250000e+01   1.5329875e+01  -1.5831383e+01  -2.4379954e+01             NaN             NaN
   3.2300000e+01  -1.1427725e+01   4.7404297e+00   2.1417634e+01             NaN             NaN
   3.2350000e+01   1.8674575e+01   1.3970862e+01  -2.0860234e+01             NaN             NaN
   3.2400000e+01  -3.0381025e+01  -1.8143824e+00  -3.0409106e+01             NaN             NaN
   3.2450000e+01   4.1808750e+00   1.6146558e+01   2.6964787e+01             NaN             NaN
   3.2500000e+01   8.3617500e-01   1.0966580e+01  -6.7563721e+00             NaN             NaN
   3.2550000e+01  -3.6234250e+00   9.5315580e+00  -3.6319168e+01             NaN             NaN
   3.2600000e+01   4.7661975e+01  -5.8834399e+00   2.2459525e+01             NaN             NaN
   3.2650000e+01  -9.1979250e+00  -8.2210962e+00  -2.2978408e+00             NaN             NaN
   3.2700000e+01   2.4249075e+01  -1.3873274e+01  -8.6102914e+00             NaN             NaN
   3.2750000e+01  -2.9266125e+01  -8.7723158e-02  -1.6881460e+01             NaN             NaN
   3.2800000e+01   3.5398075e+01   1.0688805e+01   2.3380363e+00             NaN             NaN
   3.2850000e+01  -3.8185325e+01  -2.0284548e+01   3.6980131e+00             NaN             NaN
   3.2900000e+01  -6.9681250e+00   1.1647067e+01   1.3772199e+01             NaN             NaN
   3.2950000e+01   1.9789475e+01  -1.6292594e+00   3.7546760e+00             NaN             NaN
