   1.8200000e+01  -1.1633739e+01  -1.6034845e+01   5.5075933e+01             NaN             NaN
   1.8250000e+01   6.3016087e-01   9.3419576e+00  -1.1836482e+01             NaN             NaN
   1.8300000e+01   2.5157961e+01   9.0271573e+00   1.7872290e+01             NaN             NaN
   1.8350000e+01   1.4008961e+01   2.5502189e+01   1.1482472e+01             NaN             NaN
   1.8400000e+01   5.8604961e+01  -1.3039865e+01  -5.0647228e+01             NaN             NaN
   1.8450000e+01   6.3064561e+01   3.1256140e+01  -3.0063867e+00             NaN             NaN
   1.8500000e+01   2.9617561e+01   4.9905647e+00   6.8764767e+00             NaN             NaN
   1.8550000e+01   3.7421861e+01   4.3100782e+00   1.3795025e+01             NaN             NaN
   1.8600000e+01   2.2472506e+02   6.7316817e+01   5.2027646e+01   2.3372440e-01   1.8437609e-01
   1.8650000e+01   2.7489556e+02   2.1067586e+02   2.2143116e+01   4.3831530e-01   6.2421924e-02
   1.8700000e+01   2.2806976e+02   1.0806229e+02   8.1770344e+01   3.2544157e-01   2.5920073e-01
   1.8750000e+01   3.3732996e+02  -1.1808752e+01   1.0634483e+02  -3.6962304e-02   2.4005973e-01
   1.8800000e+01   2.4144856e+02   2.9350614e+00   1.8727467e+02   1.2226355e-02   4.3674920e-01
   1.8850000e+01   2.0019726e+02   2.2034827e+01   2.0353848e+02   1.0077794e-01   5.0364397e-01
   1.8900000e+01   1.9908236e+02   1.1188810e+01   1.0411508e+02   5.4129001e-02   3.4294827e-01
   1.8950000e+01   1.4445226e+02   2.0511894e+01   1.7639996e+02   1.2632221e-01   5.4926030e-01
   1.9000000e+01   2.4144856e+02  -1.6246176e+00   1.2602871e+02  -6.8985726e-03   3.4300943e-01
   1.9050000e+01   1.5560126e+02  -4.1705600e+00   1.1737734e+02  -2.8057279e-02   4.3014607e-01
   1.9100000e+01   1.3887776e+02   6.4069834e+00   1.5283174e+02   4.4867463e-02   5.2372686e-01
   1.9150000e+01   1.7455456e+02   3.1566198e+01   1.1561998e+02   1.5550221e-01   3.9725429e-01
   1.9200000e+01   2.1357606e+02  -3.3847869e+01   2.0060747e+02  -1.9242253e-01   4.8511157e-01
   1.9250000e+01   2.0131216e+02   1.1677894e+02   1.4033039e+02   3.7133226e-01   4.0705674e-01
   1.9300000e+01   1.1657976e+02   3.1149626e+01   7.6926925e+01   2.1387819e-01   3.9576802e-01
   1.9350000e+01   1.5894596e+02  -1.7263896e+00   1.4911727e+02  -1.1183202e-02   4.8410033e-01
   1.9400000e+01   3.0499786e+02  -3.5179787e+00   9.4061277e+01  -1.1884318e-02   2.3583044e-01
   1.9450000e+01   1.3664796e+02   1.1161087e+01   1.4773094e+02   7.6781212e-02   5.1914219e-01
   1.9500000e+01   1.6229066e+02  -1.4785128e+01   1.3913347e+02  -1.0224879e-01   4.6206812e-01
   1.9550000e+01   2.0131216e+02  -1.0892074e+01   9.2856018e+01  -5.8303949e-02   3.1611791e-01
   1.9600000e+01   1.5671616e+02  -1.2475195e+01   1.0686726e+02  -8.8204567e-02   4.0595261e-01
   1.9650000e+01   1.4779696e+02  -1.1697496e+01   1.4111128e+02  -8.7652550e-02   4.8880677e-01
   1.9700000e+01   1.4891186e+02   3.0154339e+01   7.4670825e+01   1.7094319e-01   3.3233230e-01
   1.9750000e+01   1.5671616e+02   1.2147072e+01   1.4299636e+02   7.3149990e-02   4.7672506e-01
   1.9800000e+01   9.6511561e+01   3.7459127e+01   1.1744157e+02   2.8326079e-01   5.4746804e-01
   1.9850000e+01   2.2249526e+02   1.5530901e+01   4.4102538e+01   6.6359422e-02   1.6453985e-01
   1.9900000e+01   1.5783106e+02  -2.5411131e+00   1.1975577e+01  -1.6666992e-02   7.0778319e-02
   1.9950000e+01   2.8827436e+02  -7.5314082e+00   3.7370201e+01  -2.7329191e-02   1.1513077e-01
   2.0000000e+01   1.5783106e+02  -1.6291773e+00   8.5065885e+01  -1.0622131e-02   3.5029335e-01
   2.0050000e+01   1.7455456e+02   1.8799097e+01   1.2619719e+02   9.8823990e-02   4.1894363e-01
   2.0100000e+01   1.7455456e+02  -1.0382849e+01   1.6377047e+02  -6.4471277e-02   4.8435105e-01
   2.0150000e+01   2.2695486e+02   8.7585010e+00   1.2490316e+02   3.7809283e-02   3.5468883e-01
   2.0200000e+01   1.1992446e+02  -7.4433152e+00   1.8187519e+02  -6.7461806e-02   6.0281412e-01
   2.0250000e+01   1.7566946e+02   3.1989756e+00   1.5996114e+02   1.8204662e-02   4.7650782e-01
   2.0300000e+01   1.6117576e+02   9.9343511e+00   1.1349844e+02   5.9054274e-02   4.1282394e-01
   2.0350000e+01   1.8012906e+02   9.5827578e+01   5.8097975e+01   3.5136269e-01   2.3829003e-01
   2.0400000e+01   1.6898006e+02   2.7462718e+02  -1.9056923e+01   6.2332894e-01  -1.6605542e-01
   2.0450000e+01   1.8012906e+02  -1.1780847e+01   7.2422627e+01  -7.1345969e-02   2.8736968e-01
   2.0500000e+01   1.9127806e+02  -1.1841034e+01   1.1585965e+02  -6.7274024e-02   3.7766125e-01
   2.0550000e+01   9.5396661e+01   2.5701174e+01   1.6907933e+02   2.1527137e-01   6.3865913e-01
   2.0600000e+01   1.2661386e+02   6.5643835e+00   9.7950300e+01   5.0143833e-02   4.3587891e-01
   2.0650000e+01   2.1915056e+02   2.4745423e+02  -1.6141687e+01   5.3482726e-01  -1.0404892e-01
   2.0700000e+01   1.9685256e+02   7.7042612e+01   1.0361579e+02   2.8495219e-01   3.4177038e-01
   2.0750000e+01   2.3252936e+02  -2.0909506e+01   1.7395329e+02  -1.0079000e-01   4.2848365e-01
   2.0800000e+01   1.3887776e+02  -8.8850301e-01   1.1476441e+02  -6.5570969e-03   4.5250078e-01
   2.0850000e+01   1.9908236e+02   6.7728830e+01   1.3209924e+02   2.5728302e-01   3.9662273e-01
   2.0900000e+01   1.4891186e+02  -1.8178259e+01   1.3954621e+02  -1.4194316e-01   4.8435848e-01
   2.0950000e+01   1.5114166e+02   1.1721198e+01   1.6364316e+02   7.3185902e-02   5.1953102e-01
   2.1000000e+01   1.4668206e+02   1.6257945e+02   5.5288375e+01   5.3020512e-01   2.6292716e-01
   2.1050000e+01   2.4256346e+02   3.0195923e+01   7.2146682e+01   1.1249673e-01   2.2789733e-01
   2.1100000e+01   1.4556716e+02   1.2640302e+00   1.3509237e+02   8.7643148e-03   4.8129638e-01
   2.1150000e+01   1.8124396e+02   2.1428202e+02  -1.4624209e+01   5.4624678e-01  -1.1388850e-01
   2.1200000e+01   3.3510016e+02   5.7692794e+01   1.6234356e+01   1.4915692e-01   4.3343479e-02
   2.1250000e+01   8.5362561e+01  -9.9013469e+00   2.4414917e+01             NaN             NaN
   2.1300000e+01   2.5157961e+01   1.5410708e+01  -2.1725212e+01             NaN             NaN
   2.1350000e+01   1.2326916e+02  -1.5942374e+01   1.5847645e+01  -1.5165951e-01   1.1576363e-01
   2.1400000e+01   1.1434996e+02   2.1621046e+00   2.9855363e+01   1.8888866e-02   2.0681688e-01
   2.1450000e+01   1.7232476e+02  -6.5406811e+00  -3.1070901e+01  -4.0201259e-02  -2.1893588e-01
   2.1500000e+01   2.5371246e+02   3.6895971e+00   8.7535707e+00   1.4591516e-02   3.3103433e-02
   2.1550000e+01   2.1580586e+02   7.1742259e+01   1.0384040e+01   2.5289509e-01   4.0358943e-02
   2.1600000e+01   1.2661386e+02   2.0354252e+02   1.4159732e+01   6.2076612e-01   7.6232586e-02
   2.1650000e+01   2.0911646e+02   2.0345193e+01   7.1044294e+01   9.0135768e-02   2.5259443e-01
   2.1700000e+01   1.9016316e+02   6.4948940e+00   1.2296035e+02   3.3608249e-02   3.9245984e-01
   2.1750000e+01   2.1134626e+02  -1.2678921e+01   8.6169238e+01  -6.5059159e-02   2.9018094e-01
   2.1800000e+01   1.7120986e+02   1.2707183e+01   7.4279962e+01   7.0263139e-02   3.0191976e-01
   2.1850000e+01   1.7901416e+02  -1.9891056e+01   1.2136508e+02  -1.2757411e-01   4.0475818e-01
   2.1900000e+01   2.0688666e+02   2.3275425e+01   9.5881899e+01   1.0278052e-01   3.1572470e-01
   2.1950000e+01   2.0688666e+02   5.6105113e+01   8.3060434e+01   2.1638208e-01   2.8394128e-01
   2.2000000e+01   1.8124396e+02   1.5135845e+02   1.1821391e+02   4.5955736e-01   3.8913026e-01
   2.2050000e+01   1.6452046e+02   2.4674602e+02   4.8116283e+01   6.0429487e-01   2.0956040e-01
   2.2100000e+01   1.8904826e+02  -2.8061454e+01   1.4283951e+02  -1.7805300e-01   4.3126173e-01
   2.2150000e+01   1.3887776e+02   1.1878598e+01   1.1562350e+02   8.0114859e-02   4.5384930e-01
   2.2200000e+01   1.6563536e+02   4.0738868e+00   1.3244103e+02   2.4432078e-02   4.4418058e-01
   2.2250000e+01   1.9462276e+02   6.1060446e+00   1.7102525e+02   3.0956828e-02   4.6756982e-01
   2.2300000e+01   1.7343966e+02  -1.4845316e+01   1.1623996e+02  -9.5475195e-02   4.0182966e-01
   2.2350000e+01   1.5671616e+02  -1.2475195e+01   8.8569177e+01  -8.8204567e-02   3.6167823e-01
   2.2400000e+01   1.6563536e+02   2.2500152e+00   1.5323039e+02   1.3643113e-02   4.8048145e-01
   2.2450000e+01   1.5002676e+02  -1.0068049e+01   1.7065785e+02  -7.3343620e-02   5.3243491e-01
   2.2500000e+01   2.1803566e+02   1.2272007e+01   1.5426663e+02   5.4204141e-02   4.1400635e-01
   2.2550000e+01   1.7789926e+02   3.4010368e+01   1.9081786e+02   1.6294410e-01   5.1670551e-01
   2.2600000e+01   1.8570356e+02   1.0263700e+02   1.1679119e+02   3.6011045e-01   3.8227180e-01
   2.2650000e+01   3.5293856e+02   1.1450129e+02   2.3558918e+01   2.4831121e-01   5.7346958e-02
   2.2700000e+01   1.9685256e+02   1.3996618e+02   6.6842592e+01   4.1994825e-01   2.4618924e-01
   2.2750000e+01   2.8502661e+01   3.0621979e+01   1.7247767e+00             NaN             NaN
   2.2800000e+01  -4.8473913e-01  -3.3279313e+00   6.2775894e+01             NaN             NaN
   2.2850000e+01   2.8599609e+00   9.4011065e-01   5.1086641e+00             NaN             NaN
   2.2900000e+01  -2.7145391e+00   1.4261724e+00   4.9359510e-01             NaN             NaN
   2.2950000e+01  -2.5012539e+01   6.1062270e+00   3.8908784e+01             NaN             NaN
   2.3000000e+01   1.7353661e+01  -1.6738494e+01  -4.3859962e+00             NaN             NaN
   2.3050000e+01   5.6375161e+01   5.3932755e+00   6.7650766e+00             NaN             NaN
   2.3100000e+01   3.0732461e+01  -3.3140699e+00   9.4091271e-01             NaN             NaN
   2.3150000e+01   2.2928161e+01   6.4857746e+00   1.5874846e+01             NaN             NaN
