-2.95087730079339
-5.40054001211795
-5.0851449788766
-4.8145121711718
-6.76410820117268
-7.21270855553804
-6.85314691752809
-10.1173918455636
-9.38991262255358
-10.2131982924057
-10.0902576905393
-10.9668507534117
-11.6941094098006
-10.254993990222
-9.09841227405024
-9.31506960186497
-10.9842992110037
-10.7007841152373
-151.890900448652
-8.46125100511805
-16.1429655797373
-15.5139062853392
-14.2755129681536
-13.6772908849452
-13.4754553614353
-12.5661158092953
-11.4635134631942
-11.3684859793432
-11.6587834700087
-10.9243742942149
-10.0907747026952
-9.97503532625591
-10.0497447644565
-9.26446760000853
-8.77177270326252
-8.39124263449451
-8.01629895493915
-7.49873646622662
-7.1002977340142
-6.71493656768246
-6.43392107959803
-6.20765622598223
-6.01039116632091
-5.85606544474874
-5.77282111912977
-5.73462473068214
-5.68811934451622
-5.63706080658429
-5.6094907939223
-5.60689800128828
-5.60249674707647
-5.58693040839343
-5.57562362548193
-5.5767438676334
-5.58057059597684
-5.57799154109542
-5.57375085362808
-5.57447081077254
