-11.4044450678167
-10.3742262290027
-10.0049998357995
-8.98849505030995
-8.6557669388602
-9.08045978959342
-9.62501465058468
-9.72560956035563
-9.74493159013068
-10.0422497330349
-10.4550505943218
-10.4875889183711
-10.2636012040125
-10.2265818584116
-10.4618453801086
-10.5504467994881
-10.3908495527123
-10.3617452277111
-10.661649357068
-10.8186046736615
-10.6043486838556
-10.4264486831305
-10.7304823606307
-11.0576074649148
-10.8788216175087
-10.534753223718
-10.7788349319136
-11.3382036671196
-11.1697586589189
-10.5796556939734
-10.5638775809904
-11.4782727464906
-11.4362903427883
-10.7484561881041
-10.4766218902843
-11.3629223935547
-11.4104389641152
-10.7786036106882
-10.4365556149659
-11.2023864996047
-11.4973082352674
-11.0192338609766
-10.6688451666699
-11.1817510121251
-11.4743301397636
-11.3855342472948
-11.0447858765227
-11.0176529937029
-11.3035152444476
-11.2234564178055
-10.9327787930549
-10.7607316965283
-10.8167440704546
-10.7893479608813
-10.6004898705747
-10.4235125153285
-10.3850946614959
-10.3832542241241
-10.3235403508084
-10.2557196040414
-10.2451744532647
-10.2653075566111
-10.2631985920444
-10.2434586381014
-10.237886946613
-10.2476823263903
-10.25100252662
-10.2429275895456
-10.2368584505625
-10.2389414530023
-10.2418439988386
-10.2401501508489
-10.2373584992527
-10.2374724700543
