-1.93666185737837
-5.69268625234079
-13.5289799094274
-17.5491989016296
-15.0354951483759
-16.5127045892807
-18.1822288560262
-17.50825078271
-17.7289898819065
-18.3245820411438
-16.1321994830786
-11.6497828423805
-11.1141489983386
-11.2106682084315
-10.8580892609605
-9.92225096237094
-10.4213661901728
-10.8935696868413
-11.0189180360685
-9.79344416506148
-10.2853185788598
-10.7903455800491
-11.1516142943266
-9.78454897850628
-10.1643454919594
-10.6817768713846
-11.1591464171878
-9.89388205200452
-10.012372793814
-10.5615764842728
-11.1015082344832
-10.2205969121245
-9.85863075332809
-10.4760393730333
-11.0557305308146
-10.7725953815314
-9.77010246814585
-10.450022321396
-11.0249614333312
-11.205298707834
-9.76057802552255
-10.4122602765774
-10.9517360195317
-11.3559851570787
-9.76822897853966
-10.2983528540193
-10.8166448703345
-11.3110519164306
-9.81625483815337
-10.131328658756
-10.6598720349539
-11.1952934174609
-10.0081457274505
-9.95078943572985
-10.5290381040234
-11.0999148975561
-10.4660391558267
-9.81033232030398
-10.4660830786184
-11.0531729768536
-11.0121489151148
-9.76309169391206
-10.4465692691643
-11.0063699304749
-11.3125310965481
-9.76555786099586
-10.3753045529448
-10.9045025591597
-11.3644120522077
-9.80267688450757
-10.3104718135501
-10.999832141344
-11.7003155834839
-10.6563008200803
-11.5990501040048
-12.8508581091711
-13.4339376445489
-12.4667717605949
-12.9466166383025
-13.9774055698478
-14.2702169282001
-13.3742660317599
-13.2117365087774
-14.3602946288463
-14.6829412380202
-13.9808877118206
-13.191113489441
-14.4289081080796
-14.8464848078459
-14.2869187480985
-13.1318706482937
-14.2749479512391
-14.7859701115249
-14.3907031967962
-13.0909173747718
-14.0001276803394
-14.6464471950607
-14.4674091257508
-13.1959836178724
-13.6946424367171
