   1.1300000e+01  -2.2313927e+01  -1.1273350e-01  -1.4178419e+01             NaN             NaN
   1.1350000e+01  -1.1308271e+00   4.4237823e+00  -3.3021153e+00             NaN             NaN
   1.1400000e+01   2.2138729e+00   3.2202095e+00  -1.6899334e+01             NaN             NaN
   1.1450000e+01  -1.7854327e+01  -1.4135187e+00   1.3403152e+01             NaN             NaN
   1.1500000e+01  -2.7888427e+01  -6.9221581e+00   4.8952064e+00             NaN             NaN
   1.1550000e+01  -2.1199027e+01  -2.9457533e+00  -1.6151534e+01             NaN             NaN
   1.1600000e+01  -1.6739427e+01  -6.9823459e+00   1.4023333e+01             NaN             NaN
   1.1650000e+01  -2.4543727e+01  -2.4540575e+01  -4.0200633e-03             NaN             NaN
   1.1700000e+01   2.5418127e+02   3.0494750e+01   7.0915244e+01   1.1407134e-01   2.1272746e-01
   1.1750000e+01   4.4817387e+02   4.8233361e+01   1.8130181e+01   1.0354428e-01   3.1543943e-02
   1.1800000e+01   2.4637697e+02   5.6410342e+00   8.5151106e+01   2.3983473e-02   2.5591707e-01
   1.1850000e+01   1.5607007e+02  -9.2831599e+00   1.4193875e+02  -6.8190049e-02   4.7748251e-01
   1.1900000e+01   1.6164457e+02  -1.4328901e+01   7.1584295e+01  -1.0513929e-01   3.1003180e-01
   1.1950000e+01   1.3823167e+02  -1.3442116e+00   9.3062447e+01  -1.0546605e-02   4.0260971e-01
   1.2000000e+01   1.5049557e+02  -1.6092585e+01   4.6649372e+01  -1.2963979e-01   2.4116133e-01
   1.2050000e+01   1.6275947e+02   1.9315512e+01   8.6116048e+01   1.1297724e-01   3.4228201e-01
   1.2100000e+01   1.9620647e+02  -2.7515109e+00   1.0451241e+02  -1.5280595e-02   3.4797882e-01
   1.2150000e+01   1.6387437e+02   6.0255410e+01   9.9831707e+01   2.8295982e-01   3.6799553e-01
   1.2200000e+01   3.4894777e+02   1.8583957e+01   9.7172484e+01   5.4067251e-02   2.1542314e-01
   1.2250000e+01   2.8428357e+02   1.6648426e+02   9.8832154e+00   3.8594475e-01  -8.1917365e-03
   1.2300000e+01   3.3222427e+02   1.1761927e+02  -3.0675651e+00   2.7534385e-01  -3.6443951e-02
   1.2350000e+01   1.8840217e+02   2.2317712e+02  -1.2231673e+01   5.5973031e-01  -1.7880049e-01
   1.2400000e+01   1.9063197e+02   2.3757367e+02   4.4504383e+00   5.7219535e-01  -7.2877704e-02
   1.2450000e+01   1.7390847e+02   1.7519635e+02   3.2054957e+01   5.1950484e-01   9.9537086e-02
   1.2500000e+01   1.6387437e+02   1.1679543e+02   5.2336296e+01   4.3339929e-01   2.1084009e-01
   1.2550000e+01   2.4526207e+02  -1.0676598e+01   6.4106608e+01  -4.9009253e-02   2.0921624e-01
   1.2600000e+01   1.6610417e+02   2.3880040e+02   4.3740345e+00   6.0675535e-01  -8.5727623e-02
   1.2650000e+01   1.4492107e+02   2.1511323e+02   2.1449854e-01   6.1435509e-01  -1.2011107e-01
   1.2700000e+01   1.7836807e+02   2.8788754e+02   1.1398535e+00   6.3399671e-01  -1.2589436e-01
   1.2750000e+01   1.2485287e+02   2.7340308e+02  -1.5405249e+01   7.0150858e-01             NaN
   1.2800000e+01   1.7056377e+02   2.9130383e+02  -1.5233771e+01   6.4701372e-01  -2.7290839e-01
   1.2850000e+01   1.3600187e+02   2.0221190e+02  -5.1819829e+00   6.1475120e-01  -1.7232707e-01
   1.2900000e+01   3.2441997e+02  -1.3018996e+01   4.5874265e+01  -4.5007576e-02   1.2613615e-01
   1.2950000e+01   3.1773057e+02  -1.7907337e+01   6.9247686e-01  -6.4382209e-02   6.2676512e-03
   1.3000000e+01   3.0881137e+02  -5.2744725e+00   6.1632251e+00  -1.8673119e-02   2.0768333e-02
   1.3050000e+01   3.4337327e+02  -1.5583542e+01   3.9252363e+01  -5.1201407e-02   1.0525575e-01
   1.3100000e+01   2.9543257e+02  -3.1959884e+00  -3.1851443e+00  -1.1746673e-02  -1.0089782e-02
   1.3150000e+01   3.1327097e+02  -1.9170714e-01   1.4732634e+01  -6.5720331e-04   4.4956953e-02
   1.3200000e+01   4.0246297e+02  -8.8806314e+00   1.7598694e+00  -2.4256202e-02   5.9531574e-03
   1.3250000e+01   3.7793517e+02   1.0584821e+01  -4.9312904e+00   2.9181037e-02  -1.5330650e-02
   1.3300000e+01   3.0435177e+02   5.8599171e-01   1.0093235e+01   2.0621270e-03   3.1966448e-02
   1.3350000e+01   2.9877727e+02   6.5436683e+00   1.4015135e+01   2.2965706e-02   4.3340750e-02
   1.3400000e+01   1.5049557e+02   1.5825168e+01   8.8824159e+01   1.0141035e-01   3.6809238e-01
   1.3450000e+01   1.3488697e+02   9.8906551e+00   1.2383562e+02   7.2954545e-02   4.7717865e-01
   1.3500000e+01   1.2819757e+02   4.8775233e+01   1.0120438e+02   2.8994130e-01   4.3232640e-01
   1.3550000e+01   1.6275947e+02   9.3182311e+01   8.7002132e+01   3.8059234e-01   3.3003442e-01
   1.3600000e+01   1.5829987e+02   2.3948089e+02  -9.4062941e+00   6.1884842e-01  -2.0513622e-01
   1.3650000e+01   1.3488697e+02   2.0869266e+02   1.0106645e+01   6.2412786e-01  -3.9917799e-02
   1.3700000e+01   1.5718497e+02   2.3228261e+02  -1.7747350e+01   6.1330173e-01  -2.8392268e-01
   1.3750000e+01   1.2708267e+02   2.3764316e+02  -9.1233096e+00   6.6743644e-01  -2.6381612e-01
   1.3800000e+01   2.1292997e+02   7.6454691e+00   6.4424483e+01   3.7105832e-02   2.3072907e-01
   1.3850000e+01   1.2819757e+02  -8.6767226e+00   1.1220565e+02  -7.8329173e-02   4.6814524e-01
   1.3900000e+01   3.0546667e+02   3.4230404e+01   1.7763208e+01   1.0735521e-01   4.7568236e-02
   1.3950000e+01   2.8428357e+02   5.5228091e+01  -5.1184654e+00   1.7252743e-01  -3.3306494e-02
   1.4000000e+01   2.4972167e+02   1.2754879e+02  -1.6864658e+00   3.5407670e-01  -4.6201291e-02
   1.4050000e+01   1.5049557e+02   2.5201654e+02   3.2668724e+01   6.4250239e-01   8.6282882e-02
   1.4100000e+01   3.3556897e+02   1.4742152e+02   9.6011950e+00   3.2041816e-01  -3.5760843e-03
   1.4150000e+01   1.9509157e+02   3.0175390e+01   5.7373935e+01   1.4236779e-01   2.2043045e-01
   1.4200000e+01   1.7390847e+02  -1.1750493e+01   1.3530874e+02  -7.8185287e-02   4.3914568e-01
   1.4250000e+01   1.4269127e+02   5.9366638e+01   7.4823796e+01   3.0868587e-01   3.3061319e-01
   1.4300000e+01   1.5049557e+02   2.4107331e+02  -1.4139595e+01   6.3224225e-01  -2.6786378e-01
   1.4350000e+01   2.1627467e+02   2.5813618e+02  -2.0059121e-01   5.6159032e-01  -9.6902455e-02
   1.4400000e+01   2.1738957e+02   2.3797638e+02  -2.0820822e+01   5.4020332e-01  -2.1351980e-01
   1.4450000e+01   2.5195147e+02   1.1185146e+02   2.3512144e+00   3.2270158e-01  -2.3731694e-02
   1.4500000e+01   2.0624057e+02   2.5353947e+02   3.0072871e+01   5.6884909e-01   5.2832552e-02
   1.4550000e+01   1.8728727e+02  -3.7976837e+00   1.0693881e+02  -2.2246539e-02   3.6405913e-01
   1.4600000e+01   1.8840217e+02  -1.8485869e+01   1.2230267e+02  -1.1769970e-01   3.9626052e-01
   1.4650000e+01   3.0881137e+02  -2.5386651e+00   5.8571897e+00  -8.9013754e-03   1.9193367e-02
   1.4700000e+01   2.9320277e+02   8.8536017e+00   7.7813843e+01   3.1390407e-02   2.0834785e-01
   1.4750000e+01   4.2364607e+02   4.4900418e+01   3.0000136e+01   1.0213076e-01   5.9312163e-02
   1.4800000e+01   2.4191737e+02   1.9708921e+01   8.1301229e+01   8.0405954e-02   2.4817882e-01
   1.4850000e+01   1.1816347e+02   4.0561081e-01   1.3179989e+02   3.6705026e-03   5.2722065e-01
   1.4900000e+01   1.8394257e+02   1.9655682e+00   6.2844475e+01   1.1338349e-02   2.5421559e-01
   1.4950000e+01   3.5675207e+02  -6.7187964e+00  -6.5586885e-01  -2.0629532e-02  -4.5933583e-04
   1.5000000e+01   1.2150817e+02   1.0145268e+01   1.3070209e+02   8.2240054e-02   5.1680317e-01
   1.5050000e+01   1.2373797e+02   1.5422458e+01   9.5797339e+01   1.1798405e-01   4.3344922e-01
   1.5100000e+01   1.4269127e+02   5.0247280e+01   7.5843914e+01   2.7427375e-01   3.3587222e-01
   1.5150000e+01   1.4157637e+02  -4.3716561e+00   1.1626541e+02  -3.4275820e-02   4.5159863e-01
   1.5200000e+01   5.3290627e+02  -1.6606734e+01   1.3408858e-02  -3.4602147e-02   2.3021525e-03
   1.5250000e+01   3.6455637e+02  -2.0166384e+01   3.1163249e+00  -6.3116124e-02   1.2442873e-02
   1.5300000e+01  -7.0254627e+01   1.0450948e+01   2.1354937e+01             NaN             NaN
   1.5350000e+01  -2.5658627e+01   1.0908394e+00  -1.2017500e+01             NaN             NaN
   1.5400000e+01  -6.7053271e+00  -2.3856423e+00   4.3352100e+00             NaN             NaN
   1.5450000e+01  -2.5658627e+01   3.6656336e+01   1.6025680e+01             NaN             NaN
   1.5500000e+01  -6.1335427e+01   9.6732496e+00  -1.0601825e+01             NaN             NaN
   1.5550000e+01  -5.5904271e+00  -7.0425336e+00  -2.0084012e+00             NaN             NaN
   1.5600000e+01  -5.2416227e+01  -3.8715505e+00   1.6051079e+01             NaN             NaN
