   1.1000000e+00   1.9690222e+02  -4.8463961e+00   4.1670841e+01  -2.4534927e-02   1.7421321e-01
   1.1500000e+00   1.2443372e+02   1.5151444e+01   1.4453667e+01   1.0592089e-01   1.0670376e-01
   1.2000000e+00   1.9801712e+02   2.3518780e+00   7.7459017e+01   1.1423834e-02   2.8134829e-01
   1.2500000e+00   1.5676582e+02  -4.3481544e-01  -4.1064483e+01  -2.7059320e-03             NaN
   1.3000000e+00   1.1328472e+02   3.3450348e+01   6.7328585e+01   2.2317367e-01   3.7590434e-01
   1.3500000e+00   1.9467242e+02   2.3618038e+01   7.5088416e+01   1.0557760e-01   2.8005695e-01
   1.4000000e+00   1.6345522e+02  -6.4897044e+00   3.7363086e+01  -4.0181386e-02   1.8534200e-01
   1.4500000e+00   1.4450192e+02  -1.0308709e+01   1.3390221e+02  -7.4586783e-02   4.8044303e-01
   1.5000000e+00   1.5899562e+02   1.1946314e+00   7.0823453e+01   7.2573021e-03   3.0826775e-01
   1.5500000e+00   2.0470652e+02   1.0887962e+01   4.2178658e+01   4.9203091e-02   1.7183124e-01
   1.6000000e+00   2.1474062e+02  -1.0961473e+01   5.6034217e+01  -5.2259756e-02   2.0607083e-01
   1.6500000e+00   1.4896152e+02   2.9814785e+00   1.0953187e+02   1.9101668e-02   4.2391156e-01
   1.7000000e+00   1.9244262e+02  -1.9048519e+01   7.5292231e+01  -1.0656826e-01   2.7983332e-01
   1.7500000e+00   2.1474062e+02  -1.8243164e-02   7.0820895e+01  -8.2663080e-05   2.4800444e-01
   1.8000000e+00   2.6825582e+02  -3.7725005e+00   3.6799254e+01  -1.3872450e-02   1.2033723e-01
   1.8500000e+00   4.0873322e+02  -6.9018994e+00  -1.1231489e+01  -1.6703705e-02  -2.8738400e-02
   1.9000000e+00   3.8755012e+02  -9.6145436e+00  -2.9173596e+01  -2.4734426e-02  -8.2190273e-02
   1.9500000e+00   3.0393262e+02   3.1479979e+00  -2.9467820e+00   9.9768214e-03  -9.5048111e-03
   2.0000000e+00   4.0427362e+02  -1.9280151e+01   6.1750570e+00  -4.8658512e-02   1.3791461e-02
   2.0500000e+00   3.8309052e+02  -1.1049566e+01  -4.0438312e+01  -2.8873231e-02  -1.1899177e-01
   2.1000000e+00   2.8832402e+02  -1.0082002e+01  -8.2899105e+00  -3.5219913e-02  -3.0606967e-02
   2.1500000e+00   3.6079252e+02  -1.1841126e+01   7.7379876e+00  -3.2985213e-02   2.0145188e-02
   2.2000000e+00   3.9089482e+02  -2.0849410e+01  -5.7659505e+01  -5.4735240e-02  -1.7501816e-01
   2.2500000e+00   3.0727732e+02   4.7541215e+01  -3.3465106e+00   1.3083704e-01  -6.7507205e-03
   2.3000000e+00   2.8943892e+02  -3.1153738e+01  -4.9393469e+01  -1.1697300e-01  -2.1001535e-01
   2.3500000e+00   3.1731142e+02   1.0695139e+00  -1.6471013e+01   3.2686509e-03  -5.4648574e-02
   2.4000000e+00   3.2511572e+02  -5.0825874e+00  -3.1812993e+01  -1.5445184e-02  -1.0898457e-01
   2.4500000e+00   1.7460422e+02  -1.8405058e+01   4.3242846e+01  -1.1427890e-01   1.9666491e-01
   2.5000000e+00   2.0805122e+02  -2.6793043e+01   3.7236431e+01  -1.4324550e-01   1.4929344e-01
   2.5500000e+00   1.3892742e+02  -3.4390967e+00   4.3944439e+01  -2.4679374e-02   2.3991513e-01
   2.6000000e+00   2.3369392e+02  -1.5349890e+01   3.1318259e+01  -6.8269782e-02   1.1679280e-01
   2.6500000e+00   1.4338702e+02  -6.5637536e+00   4.4282913e+01  -4.6614260e-02   2.3523812e-01
   2.7000000e+00   1.8240852e+02   1.7391888e+01   4.9102425e+00   8.4891447e-02   2.8652999e-02
   2.7500000e+00   2.0136182e+02   7.5318557e+00   5.3998675e+01   3.5114802e-02   2.1208924e-01
   2.8000000e+00   1.6011052e+02  -8.0219389e+00   9.2437020e+01  -5.1245204e-02   3.6547307e-01
   2.8500000e+00   1.4450192e+02   6.1061353e+00   7.0309978e+01   3.9489762e-02   3.2782639e-01
   2.9000000e+00   1.9355752e+02   1.6141756e+02  -2.4952095e+01   4.4793822e-01  -1.1901029e-01
   2.9500000e+00   1.8017872e+02   2.3553897e+02  -1.0337756e+01   5.5983752e-01  -2.2506870e-02
   3.0000000e+00   1.9801712e+02   2.0115388e+02  -1.7971875e+01   4.9707310e-01  -6.7553557e-02
   3.0500000e+00   1.7125952e+02   2.0895859e+02  -3.2502141e+01   5.4277806e-01  -1.8592488e-01
   3.1000000e+00   2.0582142e+02   1.5852435e+02  -3.6095164e+01   4.2836497e-01  -1.8278228e-01
   3.1500000e+00   1.5230622e+02   1.7139796e+02  -1.2242680e+01   5.2265213e-01  -5.2564225e-02
   3.2000000e+00   1.2108902e+02   2.0877347e+02  -7.1240443e+01   6.2651605e-01             NaN
   3.2500000e+00   1.7125952e+02   1.9527956e+02  -1.7248404e+01   5.2593362e-01  -7.5117402e-02
   3.3000000e+00   1.0882512e+02   1.3779988e+02   2.3645161e+01   5.5197058e-01   2.0097870e-01
   3.3500000e+00   1.4338702e+02  -1.1123433e+01   8.3676392e+01  -8.1639684e-02   3.6767756e-01
   3.4000000e+00   1.7460422e+02   8.9530165e+00   3.1033452e+01   4.7518311e-02   1.5191212e-01
   3.4500000e+00   1.9244262e+02   1.2869234e+01   4.1987438e+01   6.1089336e-02   1.8032158e-01
   3.5000000e+00   8.7642017e+01  -4.4389431e+00   3.0459899e+01  -5.1832670e-02   2.5715668e-01
   3.5500000e+00   1.3000822e+02   1.0105703e+01   8.3622075e+01   7.0310980e-02   3.9221138e-01
   3.6000000e+00   1.7014462e+02   1.4813481e+01   6.6985102e+01   7.8093599e-02   2.8369345e-01
   3.6500000e+00   1.4896152e+02   9.3650291e+00   4.9349030e+01   5.7642204e-02   2.4980560e-01
   3.7000000e+00   1.5119132e+02   1.3730283e+01   9.6887651e+01   8.1184079e-02   3.9146277e-01
   3.7500000e+00   1.3892742e+02   3.8563897e+00   1.0030984e+02   2.6297174e-02   4.1954334e-01
   3.8000000e+00   9.2101617e+01   2.1618346e+01   6.4130156e+01   1.8591508e-01   4.1267937e-01
   3.8500000e+00   1.4227212e+02   1.8959966e+02  -3.0264713e+01   5.6457453e-01  -2.1458480e-01
   3.9000000e+00   1.5230622e+02   2.1061120e+02  -2.8065487e+01   5.7363469e-01  -1.7214398e-01
   3.9500000e+00   1.4896152e+02   1.3977185e+02  -2.0132897e+01   4.7724048e-01  -1.2330781e-01
   4.0000000e+00   1.1328472e+02   1.9121524e+02  -2.5799036e+01   6.2153555e-01  -2.2260597e-01
   4.0500000e+00   1.4673172e+02   1.7370790e+02  -3.0785333e+01   5.3527749e-01  -2.1622204e-01
   4.1000000e+00   1.3335292e+02   1.6066440e+00   4.1106571e+01   1.1586322e-02   2.3581282e-01
   4.1500000e+00   2.7160052e+02   9.6148995e+00  -1.0451793e+01   3.3296394e-02  -3.8987562e-02
   4.2000000e+00   3.1396672e+02  -1.8701437e+01  -6.9145323e+01  -6.1518935e-02  -2.8508725e-01
   4.2500000e+00   2.8274952e+02  -1.3243683e+01  -5.6351523e+00  -4.7747801e-02  -2.1655957e-02
   4.3000000e+00   3.2511572e+02  -2.3321303e+01  -4.1209057e+01  -7.5028180e-02  -1.4770039e-01
   4.3500000e+00   3.7640112e+02   5.9485528e+00  -3.7748663e+01   1.5143391e-02  -1.1093937e-01
   4.4000000e+00   3.7305642e+02  -2.0205948e+01  -3.0240130e+01  -5.5629607e-02  -8.9948774e-02
   4.4500000e+00   3.0058792e+02  -3.9421348e+01  -3.4772717e+01  -1.4626279e-01  -1.3537036e-01
   4.5000000e+00   2.1474062e+02  -2.3728574e+01   1.8578962e+01  -1.2046020e-01   7.7089736e-02
   4.5500000e+00   2.2477472e+02   1.8781429e-02   7.3079132e+01   8.1289710e-05   2.4535360e-01
   4.6000000e+00   1.3781252e+02   1.3984896e+01   4.8859885e+01   8.9860389e-02   2.6323450e-01
   4.6500000e+00   9.6561217e+01   1.5757881e+01   2.3603986e+01   1.3702043e-01   1.9927001e-01
   4.7000000e+00   1.5565092e+02   4.2220759e+00   4.1625478e+00   2.5712897e-02   2.6741854e-02
   4.7500000e+00   1.4450192e+02   2.2520980e+01   1.0049541e+02   1.3167035e-01   4.1165285e-01
   4.8000000e+00   2.0693632e+02   8.8696655e+00   1.0377261e+01   4.0032859e-02   4.8802710e-02
   4.8500000e+00   1.2443372e+02   1.1503701e+01   6.2894174e+01   8.2524637e-02   3.3684544e-01
   4.9000000e+00   1.2443372e+02   3.2478224e+01   6.9696943e+01   2.0251843e-01   3.6190866e-01
   4.9500000e+00   1.4784662e+02   4.9025624e+00   3.1552899e+01   3.1254402e-02   1.7648942e-01
   5.0000000e+00   1.2889332e+02   4.7313009e+00   5.6778916e+01   3.4482598e-02   3.0628008e-01
   5.0500000e+00   1.2108902e+02   1.0883402e+01   3.3237477e+01   8.0415756e-02   2.1686519e-01
   5.1000000e+00   1.3669762e+02   3.1388786e+00   5.4650437e+01   2.1852820e-02   2.8592436e-01
   5.1500000e+00   4.0092892e+02   2.3872469e+01  -7.1836147e+01   5.4759798e-02  -2.1589938e-01
   5.2000000e+00   1.6345522e+02   7.1893326e+00  -1.9061331e+01   4.1037520e-02  -1.3048661e-01
   5.2500000e+00   2.5041742e+02  -3.9323117e-01  -5.2737666e+01  -1.5301610e-03  -2.6685152e-01
   5.3000000e+00   3.8420542e+02   8.9158095e+00   7.8347846e-01   2.2079566e-02   2.6598842e-03
   5.3500000e+00   2.2700452e+02   1.8063073e+01  -6.7117244e+00   7.1855871e-02  -2.8186634e-02
   5.4000000e+00   3.4072432e+02   2.8210000e+01  -1.7277824e+01   7.4549202e-02  -5.0938316e-02
   5.4500000e+00   3.2288592e+02   5.0739921e+01  -1.2892072e+01   1.3261756e-01  -3.6996487e-02
   5.5000000e+00   2.0359162e+02   1.4595167e+02   8.7747219e+00   4.1089541e-01   5.8817026e-02
   5.5500000e+00   1.8129362e+02   7.9500735e+01   2.0837931e+01   2.9906041e-01   1.1253341e-01
   5.6000000e+00   1.3112312e+02   1.2217659e+02  -3.6418486e+01   4.7549623e-01             NaN
   5.6500000e+00   1.8798302e+02   2.2938687e+02  -5.1987694e-01   5.4280344e-01   2.9356647e-02
   5.7000000e+00   8.0952617e+01   2.2230441e+02  -6.3239855e+00   7.2765536e-01  -3.8471699e-03
   5.7500000e+00   1.7125952e+02   1.7339310e+02  -1.7087381e+01   4.9623926e-01  -7.8034540e-02
   5.8000000e+00   1.3781252e+02   1.6901398e+02  -7.3655405e+00   5.4405119e-01  -2.0688947e-02
   5.8500000e+00   1.3335292e+02  -2.3015623e+01   6.2158969e+01  -2.0181170e-01   3.1575034e-01
   5.9000000e+00   1.4561682e+02   4.1850513e+00   8.6532931e+01   2.7202048e-02   3.7305192e-01
   5.9500000e+00   1.4450192e+02   2.4583921e+00   9.1303365e+01   1.6283111e-02   3.8737091e-01
   6.0000000e+00   1.0882512e+02   9.7572682e-02   4.1336202e+01   8.7158574e-04   2.7529137e-01
   6.0500000e+00   1.4227212e+02  -2.1057514e+01   8.2503152e+01  -1.6823087e-01   3.6543913e-01
   6.1000000e+00   1.9578732e+02  -1.5692413e+01   2.9163313e+01  -8.4577634e-02   1.2799760e-01
   6.1500000e+00   2.0024692e+02  -2.1552878e+01   1.8371523e+01  -1.1696884e-01   8.1585278e-02
   6.2000000e+00   3.2177102e+02   2.0743252e+01  -2.6720129e+00   5.9020104e-02  -6.6034821e-03
   6.2500000e+00   4.5778882e+02   4.3236656e+00  -1.7183378e+01   9.1055050e-03  -3.8723730e-02
   6.3000000e+00   3.2957532e+02  -2.1886281e+01   6.6518183e+00  -6.9074028e-02   1.8054592e-02
   6.3500000e+00   3.5298822e+02   5.2674866e+01  -7.7226447e+01   1.2678150e-01  -2.7346727e-01
   6.4000000e+00   3.2177102e+02   4.6277454e+01   1.5056997e+01   1.2275350e-01   4.8239740e-02
   6.4500000e+00   1.4896152e+02   1.7260154e+02  -4.8965181e+01   5.2993247e-01             NaN
   6.5000000e+00   2.1139592e+02   2.0363508e+02  -1.3708084e+01   4.8379876e-01  -4.0351985e-02
   6.5500000e+00   1.9801712e+02   1.5190935e+02  -1.0269379e+00   4.2739341e-01   1.5328164e-02
   6.6000000e+00   1.1328472e+02   5.8072614e+01  -8.6180534e+00   3.3278082e-01  -6.6333207e-02
   6.6500000e+00   1.4896152e+02   1.3012772e+01   8.7824403e+01   7.8335448e-02   3.7183600e-01
   6.7000000e+00   1.5007642e+02   2.5682661e+01   6.1244488e+01   1.4273553e-01   2.9214469e-01
   6.7500000e+00   1.1774432e+02   5.0388279e+01   7.6859100e+01   2.9396972e-01   3.9916103e-01
   6.8000000e+00   3.0839222e+02   6.6594655e+01  -2.3778729e+01   1.7362189e-01  -7.6732091e-02
   6.8500000e+00   2.9501342e+02   5.9553781e+01  -2.2957940e+01   1.6416413e-01  -7.8003337e-02
   6.9000000e+00   4.2322692e+02   1.6456607e+01  -9.3058601e+00   3.6452704e-02  -2.1383689e-02
   6.9500000e+00   1.8575322e+02   1.1628636e+01  -3.3336777e+01   5.7412171e-02  -2.1621150e-01
   7.0000000e+00   3.2065612e+02   1.5368850e+01  -2.4940652e+01   4.4555077e-02  -8.2817666e-02
   7.0500000e+00   2.0916612e+02   1.9618470e+01   3.6616459e+01   8.3625109e-02   1.5081271e-01
   7.1000000e+00   2.9166872e+02   6.2581225e+01  -5.7597205e+01   1.7270480e-01  -2.3711916e-01
   7.1500000e+00   3.1731142e+02   2.4779845e+01  -1.6836059e+01   7.0615194e-02  -5.3680725e-02
   7.2000000e+00   1.9244262e+02  -3.5456108e+00  -6.4960698e+00  -1.8253041e-02  -3.5469263e-02
   7.2500000e+00   1.8909792e+02   1.1164994e+02  -3.5384705e+01   3.6486248e-01  -2.0649294e-01
   7.3000000e+00   3.6413722e+02   3.9847577e+01  -4.6084815e+01   9.6224793e-02  -1.4102972e-01
   7.3500000e+00   3.4741372e+02   1.2123817e+01  -3.1505785e+01   3.2838340e-02  -9.8590366e-02
   7.4000000e+00   2.6156642e+02   2.7816591e+01  -5.6012258e+00   9.3767289e-02  -1.8887426e-02
   7.4500000e+00   3.7305642e+02   3.2686328e+01   2.7266056e+00   7.8551152e-02   9.5862608e-03
   7.5000000e+00   1.6122542e+02   8.2956931e+00   3.3427418e+01   4.7675351e-02   1.7268220e-01
   7.5500000e+00   9.9905917e+01  -1.5539573e+01   1.1401260e+02  -1.7832037e-01   5.3205252e-01
   7.6000000e+00   2.6714092e+02   3.6201983e+00  -3.4930010e+01   1.3013463e-02  -1.4993866e-01
   7.6500000e+00   2.3257902e+02   2.0741023e+00  -2.7809575e+01   8.6019599e-03  -1.3549807e-01
   7.7000000e+00   1.5453602e+02   1.0645610e+02   3.3899797e+01   4.0128375e-01   1.9224580e-01
   7.7500000e+00   1.4896152e+02   2.3278930e+02  -3.7399880e+01   6.0324903e-01  -2.6389585e-01
   7.8000000e+00   1.3335292e+02   1.9402510e+02  -3.3024898e+01   5.8602671e-01  -2.6308978e-01
   7.8500000e+00   2.7048562e+02   5.8044709e+01  -1.8153788e+01   1.7272594e-01  -6.5314846e-02
   7.9000000e+00   1.0994002e+02  -1.4590612e+01   8.4147181e+01  -1.4826928e-01   4.3239919e-01
   7.9500000e+00   3.0170282e+02   2.7052753e+01   5.1566192e+01   8.0240920e-02   1.4773417e-01
   8.0000000e+00   2.8386442e+02   6.7216919e+00  -3.7605682e+01   2.2519840e-02  -1.5185750e-01
   8.0500000e+00   2.3815352e+02   3.0769986e+01  -1.5022583e+01   1.1166950e-01  -6.3359478e-02
   8.1000000e+00   3.0058792e+02  -1.4799081e+01  -4.8963336e+01  -5.0311961e-02  -1.9649250e-01
   8.1500000e+00   2.4707272e+02   5.0054875e+01  -3.7787304e+01   1.6465571e-01  -1.7296486e-01
   8.2000000e+00   3.3180512e+02  -9.3136048e+00  -3.8218067e+01  -2.8076958e-02  -1.3114700e-01
   8.2500000e+00   3.3180512e+02  -1.5697155e+01  -5.8089325e+01  -4.8249434e-02  -2.1410851e-01
   8.3000000e+00   9.3216517e+01   1.0450729e+02   1.3684512e+01   5.2171320e-01   1.5047758e-01
   8.3500000e+00   1.9132772e+02   1.7985070e+02  -1.8486906e+00   4.7769352e-01   1.5521933e-02
   8.4000000e+00   2.4372802e+02   8.7735880e+01   1.9761902e+01   2.5938904e-01   8.3258259e-02
   8.4500000e+00   1.4561682e+02   6.6196686e+01   7.5021609e+01   3.0666173e-01   3.4533398e-01
   8.5000000e+00   1.1105492e+02   2.2701543e+01   9.5983627e+01   1.6589332e-01   4.6518905e-01
   8.5500000e+00   1.3112312e+02   1.5480106e+01   9.6741674e+01   1.0302970e-01   4.2561296e-01
   8.6000000e+00   1.4004232e+02   3.3853059e+01   1.2322945e+01   1.9041132e-01   8.6369007e-02
   8.6500000e+00   3.5856272e+02   4.3069447e+01  -2.5846060e+01   1.0463867e-01  -7.3921236e-02
   8.7000000e+00   4.3326102e+02   2.7436861e+01   3.7473435e+01   5.8037428e-02   8.1055235e-02
   8.7500000e+00   3.9646932e+02   2.6085190e+01  -8.0293297e+00   6.0162632e-02  -1.8819889e-02
   8.8000000e+00   3.3403492e+02   3.7000696e+01   2.7500611e+01   9.7287530e-02   7.8617050e-02
   8.8500000e+00   2.6379622e+02   1.3158285e+02  -2.6363391e+01   3.2674047e-01  -9.4624710e-02
   8.9000000e+00   3.3626472e+02   5.7780795e+01  -1.8287381e+01   1.4323627e-01  -5.2338622e-02
   8.9500000e+00   3.5967762e+02   4.8443849e+01  -7.2195221e+01   1.1586058e-01  -2.4545177e-01
   9.0000000e+00   4.1542262e+02   2.2608708e+01  -3.0560039e+01   5.0288316e-02  -7.7692447e-02
   9.0500000e+00   1.8909792e+02   5.8757661e+01  -1.5744461e+01   2.3213980e-01  -8.0911855e-02
   9.1000000e+00   4.2322692e+02   4.1762211e-02  -4.8640328e+01   9.5997123e-05  -1.2984728e-01
   9.1500000e+00   4.2099712e+02   2.0298775e+01   3.1440553e+01   4.4809530e-02   7.0619437e-02
   9.2000000e+00   3.4852862e+02   3.2089192e+01  -4.0075547e+00   8.2214991e-02  -9.0896993e-03
   9.2500000e+00   2.9389852e+02   3.4116791e+01   1.6486440e+01   1.0148163e-01   5.5923294e-02
   9.3000000e+00   2.1920022e+02   2.6950981e+01   2.4335041e+01   1.0684411e-01   1.0261062e-01
   9.3500000e+00   3.2400082e+02   4.5171094e+01   3.5760568e+01   1.1944324e-01   1.0244940e-01
   9.4000000e+00   1.6679992e+02   7.3469009e+01   5.8144758e+01   2.9998784e-01   2.6497889e-01
   9.4500000e+00   1.8240852e+02   3.4718668e+01   8.0738858e+01   1.5625043e-01   3.0928517e-01
   9.5000000e+00   1.9244262e+02   2.1076656e+01   4.1069332e+01   9.6297625e-02   1.7788413e-01
   9.5500000e+00   1.6345522e+02   1.9044498e+01   5.5092096e+01   1.0181805e-01   2.5384210e-01
   9.6000000e+00   1.8240852e+02   1.6479952e+01   5.7619234e+01   8.0799862e-02   2.4146125e-01
   9.6500000e+00   1.7125952e+02   1.2529553e-01   8.4636220e+01   7.1131430e-04   3.3075380e-01
   9.7000000e+00   2.1474062e+02  -6.4017938e+00   6.0098678e+01  -2.9871727e-02   2.1817579e-01
   9.7500000e+00   1.7794892e+02   3.2371710e+01  -1.7339725e+01   1.5037843e-01  -1.0195387e-01
   9.8000000e+00   1.6234032e+02   1.5493967e+01  -1.0838507e+01   8.4969224e-02  -6.8584132e-02
   9.8500000e+00   2.7940482e+02   1.2582156e+01   1.2069528e+01   4.1974725e-02   4.2526636e-02
   9.9000000e+00   3.9200972e+02   1.6442745e+01   2.2094009e+00   3.9209899e-02   6.7252339e-03
   9.9500000e+00   4.0315872e+02  -4.5919660e+00  -1.3763322e+01  -1.1206035e-02  -3.5675754e-02
   1.0000000e+01   2.1139592e+02   2.0335982e+01   3.8817927e+01   8.5585709e-02   1.5699246e-01
   1.0050000e+01   1.5788072e+02   4.9395870e+00   5.8970996e+01   2.9541215e-02   2.7238993e-01
   1.0100000e+01   1.5788072e+02   2.1354431e+01   4.5698483e+01   1.1629379e-01   2.2666961e-01
   1.0150000e+01   1.7237442e+02   1.9178735e+01   3.9044143e+01   9.7678333e-02   1.8667289e-01
   1.0200000e+01   3.9646932e+02   2.5173254e+01  -2.6225398e+01   5.8181725e-02  -6.8866812e-02
   1.0250000e+01   4.6670802e+02   6.2817741e+00   7.7353247e+00   1.2926362e-02   1.6656210e-02
   1.0300000e+01   4.2211202e+02   3.0232856e+01  -3.3716747e+01   6.5145608e-02  -8.4526679e-02
   1.0350000e+01   2.2700452e+02   4.7245018e+01  -1.6837882e+01   1.6839472e-01  -7.3588120e-02
   1.0400000e+01   4.0761832e+02   8.7124700e+01  -3.0895854e+01   1.7215720e-01  -7.5284955e-02
   1.0450000e+01   3.2065612e+02   3.9991116e+01  -7.1096305e+00   1.0821198e-01  -1.9158471e-02
   1.0500000e+01   4.1430772e+02  -1.8331191e+01  -2.5977618e+01  -4.4984967e-02  -6.8259865e-02
   1.0550000e+01   4.0650342e+02  -2.7681998e+01   9.3966427e+00  -7.0956952e-02   2.0830468e-02
   1.0600000e+01   3.3180512e+02  -8.4016690e+00  -2.4596519e+01  -2.5258382e-02  -8.0864203e-02
   1.0650000e+01   2.1251082e+02  -1.8062534e+01   6.1408612e+01  -9.0151784e-02   2.2279855e-01
   1.0700000e+01   2.1697042e+02   5.2589469e+00   4.7352444e+01   2.3039082e-02   1.7958779e-01
   1.0750000e+01   2.8609422e+02  -2.9038229e+01   3.5006798e+01  -1.0957386e-01   1.0683611e-01
   1.0800000e+01   3.4629882e+02  -1.6048980e+01  -1.4627969e+01  -4.7219782e-02  -4.5472388e-02
   1.0850000e+01   3.3626472e+02  -2.8853106e+01  -4.9766940e+01  -9.1087906e-02  -1.7691431e-01
   1.0900000e+01   3.7082662e+02   9.6299976e-01  -1.4304541e+01   2.5202815e-03  -4.0046460e-02
   1.0950000e+01   2.4707272e+02   1.7225186e+01   5.2801000e+01   6.3522309e-02   1.7735576e-01
   1.1000000e+01   1.5453602e+02  -2.2126850e+01   7.8017840e+01  -1.6185734e-01   3.3376807e-01
   1.1050000e+01   1.8798302e+02  -1.5923863e+01   6.8091976e+01  -8.9820279e-02   2.6466941e-01
   1.1100000e+01   2.2588962e+02   2.5455771e+01   7.9379951e+01   9.8809009e-02   2.6169777e-01
   1.1150000e+01   3.1954122e+02  -8.2442689e+00  -2.9158235e+01  -2.5748739e-02  -1.0125883e-01
   1.1200000e+01   2.0470652e+02   8.4754762e+01   6.5937342e+01   2.8715541e-01   2.4998518e-01
   1.1250000e+01   2.6937072e+02   2.1664490e+01  -2.6451264e+00   7.2571829e-02  -7.7028529e-03
   1.1300000e+01   3.9981402e+02   4.7680012e+01   1.4706577e+01   1.0396626e-01   3.8470435e-02
   1.1350000e+01   2.8051972e+02   2.7987852e+01  -1.0928627e+00   8.8483153e-02  -1.1982847e-03
   1.1400000e+01   4.4552492e+02   5.1901727e+01   2.6846723e+00   1.0180522e-01   9.0938278e-03
   1.1450000e+01   3.8866502e+02   3.4061162e+01   9.3958874e+00   7.8566552e-02   2.5859051e-02
   1.1500000e+01   3.9423952e+02   2.3543807e+01   8.2713061e+00   5.4913342e-02   2.2096637e-02
   1.1550000e+01   3.0393262e+02   2.2298650e+01   1.3209050e+01   6.6626418e-02   4.3469683e-02
   1.1600000e+01   1.5899562e+02   2.4904962e+01   7.0458406e+01   1.3224719e-01   3.0909845e-01
   1.1650000e+01   1.9913202e+02   3.1666014e+00   9.5663195e+01   1.5236111e-02   3.2470352e-01
   1.1700000e+01   1.7683402e+02  -1.6775611e+01   1.0023654e+02  -1.0168572e-01   3.6072556e-01
   1.1750000e+01   2.0470652e+02  -4.6149468e+00   9.4232578e+01  -2.2426253e-02   3.1493724e-01
   1.1800000e+01   2.1697042e+02   3.3528957e+01   5.7913639e+01   1.3070087e-01   2.1327977e-01
   1.1850000e+01   3.2400082e+02   3.1492057e+01  -2.4465275e+01   8.6397633e-02  -7.8609664e-02
   1.1900000e+01   4.1653752e+02   5.4429249e+01  -1.1249743e+01   1.1279547e-01  -2.4037092e-02
   1.1950000e+01   2.8386442e+02   7.6028813e+01   3.8662147e-01   2.0672037e-01   8.5339630e-03
   1.2000000e+01   3.6302232e+02  -8.3878075e+00   3.7080540e+01  -2.2997434e-02   9.2162668e-02
   1.2050000e+01   1.8575322e+02  -5.6981441e+00   5.3230067e+01  -3.0764236e-02   2.2223386e-01
   1.2100000e+01   2.2811942e+02   7.9345666e+00   4.4738235e+01   3.2733818e-02   1.6461897e-01
   1.2150000e+01   2.6045152e+02   4.2034724e+00   2.9064611e+01   1.5459821e-02   1.0074350e-01
   1.2200000e+01   1.8909792e+02   4.2342816e+01   7.5294891e+01   1.7888932e-01   2.8786941e-01
   1.2250000e+01   3.3737962e+02   1.5617265e+02  -1.3285725e+01   3.1052391e-01  -2.7598096e-02
   1.2300000e+01   2.9501342e+02   1.6533833e+02  -3.4791308e+01   3.5286910e-01  -1.1454174e-01
   1.2350000e+01   2.2700452e+02  -1.0206937e+01   7.1930221e+01  -4.5748614e-02   2.3991976e-01
   1.2400000e+01   2.4818762e+02   2.0775717e+01   1.8092163e+01   7.5311464e-02   6.9907278e-02
   1.2450000e+01   2.1362572e+02   1.0312771e+02   1.5827513e+01   3.1958453e-01   8.0163036e-02
   1.2500000e+01   2.9278362e+02   3.7861746e+01   5.4953704e+01   1.1175714e-01   1.6050489e-01
   1.2550000e+01   2.4818762e+02   2.8071203e+01   7.2170308e+01   9.9135685e-02   2.2711229e-01
   1.2600000e+01   1.9801712e+02   1.6030915e+01   4.6194460e+01   7.3015920e-02   1.9059486e-01
   1.2650000e+01   1.8017872e+02  -7.0359539e+00   7.8553401e+01  -3.9494006e-02   3.0309633e-01
   1.2700000e+01   2.0693632e+02  -2.4969247e-01   4.3419019e+01  -1.1753537e-03   1.7340727e-01
   1.2750000e+01   2.4261312e+02   3.9500495e+01   3.8883978e+01   1.3674653e-01   1.4139205e-01
   1.2800000e+01   1.7571912e+02   2.3136814e+02  -1.9009177e+01   5.6161003e-01  -7.8237306e-02
   1.2850000e+01   2.0693632e+02   1.7757779e+02  -3.9204016e+00   4.5501527e-01   4.2508102e-03
   1.2900000e+01   1.9021282e+02   2.0274630e+02  -3.6428735e+01   5.0909586e-01  -1.9428845e-01
   1.2950000e+01   1.5565092e+02   2.1943892e+02  -4.0497576e+01   5.7835733e-01  -2.8541974e-01
   1.3000000e+01   1.5788072e+02   2.0830127e+02  -1.6384615e+01   5.6210788e-01  -7.3061982e-02
   1.3050000e+01   3.6413722e+02   6.4469844e+01   1.4805861e+00   1.4694600e-01   8.7777579e-03
   1.3100000e+01   3.9312462e+02   2.6376827e+01   1.2531681e+01   6.1279911e-02   3.2594009e-02
   1.3150000e+01   4.1653752e+02   3.2542789e+01  -2.9386799e+01   7.0643574e-02  -7.3464370e-02
   1.3200000e+01   1.7125952e+02   5.5969103e+00   2.2268130e+01   3.0816915e-02   1.1575612e-01
   1.3250000e+01   1.8686812e+02  -1.2356775e+00   3.9004558e+01  -6.4753427e-03   1.7256137e-01
   1.3300000e+01   1.6234032e+02   5.5619142e+01   6.4727074e+01   2.5000382e-01   2.8976286e-01
   1.3350000e+01   4.0315872e+02  -7.3277734e+00  -2.4893586e+01  -1.8002572e-02  -6.6368719e-02
   1.3400000e+01   1.4673172e+02   1.9590748e+01  -1.3545339e+01   1.1496770e-01  -9.7335699e-02
   1.3450000e+01   1.7125952e+02  -9.9059983e+00  -1.4881090e+01  -5.9633299e-02  -9.7040685e-02
   1.3500000e+01   2.2588962e+02   7.2170555e+00  -3.2084327e+00   3.0148030e-02  -1.3519592e-02
   1.3550000e+01   2.6602602e+02   6.4532180e+00  -9.3525525e-01   2.3057434e-02  -2.8676341e-03
   1.3600000e+01   2.9947302e+02   2.8159114e+01  -2.8606140e+01   8.3817196e-02  -1.0250902e-01
   1.3650000e+01   3.0839222e+02   1.9173993e+01  -2.3048635e+01   5.7041562e-02  -7.8813980e-02
   1.3700000e+01   3.4406902e+02   1.6975133e+01   5.2588447e+01   4.5803147e-02   1.3358204e-01
   1.3750000e+01   2.4930252e+02   4.2636602e+00   6.3394425e+01   1.6367357e-02   2.0302836e-01
   1.3800000e+01   1.8575322e+02  -1.1384651e+00   1.0075247e+02  -5.9988857e-03   3.5158988e-01
   1.3850000e+01   2.6045152e+02   1.4676650e+00   2.2508867e+01   5.4527449e-03   7.9676900e-02
   1.3900000e+01   1.4784662e+02  -1.5160025e+01   5.4382499e+01  -1.1082107e-01   2.6742968e-01
   1.3950000e+01   1.6679992e+02   1.7840925e+01   3.4633097e+01   9.4257515e-02   1.7391286e-01
   1.4000000e+01   1.5899562e+02   1.2137861e+01   1.1534451e+02   6.9140253e-02   4.2113628e-01
   1.4050000e+01   1.6234032e+02   3.6388018e+00   6.8254487e+01   2.1342844e-02   2.9629357e-01
   1.4100000e+01   1.0213572e+02   3.4166542e+00   5.4705068e+01   3.1521233e-02   3.4917717e-01
   1.4150000e+01   1.5007642e+02   1.0603945e+00   6.6286066e+01   6.8276202e-03   3.0645775e-01
   1.4200000e+01   2.2031512e+02   1.1350860e+01   1.4958939e+02   4.7734486e-02   4.0489403e-01
   1.4250000e+01   2.0359162e+02   1.1897110e+01   8.7813736e+01   5.3796713e-02   3.0211642e-01
   1.4300000e+01   1.6122542e+02   2.6534409e+01   7.0270602e+01   1.3802569e-01   3.0570276e-01
   1.4350000e+01   1.7125952e+02   1.9275947e+01   1.0307931e+02   9.8700602e-02   3.7692155e-01
   1.4400000e+01   1.6234032e+02  -7.3044278e+00   7.1765888e+01  -4.5781550e-02   3.0596689e-01
   1.4450000e+01   1.6679992e+02   5.9857598e+00   4.0533770e+01   3.3737154e-02   1.9612798e-01
   1.4500000e+01   1.7571912e+02  -2.2150013e+01   5.7382563e+01  -1.3978759e-01   2.4422692e-01
   1.4550000e+01   1.6568502e+02   1.5232931e+00   1.3588600e+01   8.8658906e-03   7.6010489e-02
   1.4600000e+01   1.6011052e+02   8.3929055e+00   8.1451768e+01   4.8526490e-02   3.3780983e-01
   1.4650000e+01   1.2777842e+02   1.4859807e+01   8.3095797e+01   1.0164654e-01   3.9520676e-01
   1.4700000e+01   1.7794892e+02   1.1397187e+01   3.7613526e+01   5.8659552e-02   1.7566919e-01
   1.4750000e+01   1.5899562e+02  -1.1572470e+01   8.1400658e+01  -7.6212959e-02   3.3774789e-01
   1.4800000e+01   1.7014462e+02  -1.1632658e+01   1.1797590e+02  -7.1259913e-02   4.0882152e-01
   1.4850000e+01   1.2666352e+02   1.7692827e+01   2.7887411e+01   1.1964468e-01   1.8297179e-01
   1.4900000e+01   1.6679992e+02   6.0701908e+01   1.6114983e+01   2.6148889e-01   9.6214614e-02
   1.4950000e+01   3.6859682e+02   2.8515498e+01  -2.8817415e+01   7.0000600e-02  -8.2354875e-02
   1.5000000e+01   2.3146412e+02   4.9071221e+00  -7.6156180e+01   2.0209981e-02             NaN
   1.5050000e+01   2.5933662e+02   1.2508107e+01   1.2127575e+01   4.4823038e-02   4.5863962e-02
   1.5100000e+01   2.9166872e+02   7.2612519e+01  -2.4410435e+01   1.9499011e-01  -8.3373887e-02
   1.5150000e+01   2.5822172e+02   9.6503413e+01   2.7894240e+01   2.6665420e-01   1.0565303e-01
   1.5200000e+01   2.9389852e+02   8.5825881e+00  -1.2425692e+00   2.7627603e-02  -3.4497627e-03
   1.5250000e+01   2.5041742e+02   5.3410981e+01   7.5741777e+00   1.7185498e-01   3.4763974e-02
   1.5300000e+01   2.3926842e+02   3.8880196e+01   5.2685220e+01   1.3651695e-01   1.8339934e-01
   1.5350000e+01   3.5633292e+02   3.3232578e+01  -8.7293297e+00   8.3191055e-02  -2.2468492e-02
   1.5400000e+01   2.5710682e+02   5.3739643e+01   4.6404245e+01   1.6899522e-01   1.5692958e-01
   1.5450000e+01   1.5230622e+02   4.0079209e+01   4.1330438e+01   2.0384081e-01   2.1782285e-01
   1.5500000e+01   1.7460422e+02   2.1720118e+01   1.3594467e+01   1.0796413e-01   7.5122184e-02
   1.5550000e+01   2.3369392e+02   1.3785532e+02  -1.8305427e+00   3.6465142e-01   8.0592330e-03
   1.5600000e+01   1.4561682e+02   1.8566028e+02   1.5912864e+01   5.5367128e-01   1.2569826e-01
   1.5650000e+01   1.8909792e+02   2.0010771e+02  -3.1556290e+01   5.0729107e-01  -1.6043095e-01
   1.5700000e+01   1.3669762e+02   6.5150513e+01   1.5691994e+01   3.1680463e-01   1.1322869e-01
   1.5750000e+01   1.7794892e+02   2.6900095e+01   1.0220987e+02   1.2821982e-01   3.6647390e-01
   1.5800000e+01   1.6568502e+02   2.0673945e+01   5.4904292e+01   1.0826001e-01   2.5079772e-01
   1.5850000e+01   1.5119132e+02   9.1706043e+00   6.0801550e+01   5.5726118e-02   2.8764304e-01
   1.5900000e+01   1.6345522e+02  -1.4697127e+01   1.2290981e+02  -9.5869919e-02   4.2841320e-01
   1.5950000e+01   2.1697042e+02   2.5231395e+00   4.0796700e+01   1.1187789e-02   1.5849243e-01
   1.6000000e+01   1.2554862e+02  -1.0479971e+01   1.2743587e+01  -8.8394264e-02   9.0284778e-02
   1.6050000e+01   1.9690222e+02   1.8863935e+01   4.7096345e+00   8.5264261e-02   2.5825662e-02
   1.6100000e+01   2.1139592e+02  -5.1982209e+00   3.7099737e+01  -2.4511199e-02   1.4881565e-01
   1.6150000e+01   2.6156642e+02  -3.6018915e+01   7.4731920e+01  -1.5470708e-01   2.1995906e-01
   1.6200000e+01   1.5899562e+02   1.0313989e+01   4.6930735e+01   5.9367816e-02   2.2894529e-01
   1.6250000e+01   1.5119132e+02   1.0994476e+01   1.4980067e+02   6.6076736e-02   4.9818575e-01
   1.6300000e+01   2.6714092e+02  -3.6752881e+00   8.0249084e+01  -1.3567295e-02   2.3078559e-01
   1.6350000e+01   1.6902972e+02  -2.4160872e+00   8.9500556e+01  -1.4103323e-02   3.4602452e-01
   1.6400000e+01   1.7014462e+02  -1.6013637e+00   1.1456651e+02  -9.2418030e-03   4.0230469e-01
   1.6450000e+01   2.0024692e+02  -3.3141615e+00   1.0324717e+02  -1.6366196e-02   3.4000002e-01
   1.6500000e+01   1.6122542e+02   1.0002067e+00   1.2573391e+02   5.9997406e-03   4.3821232e-01
   1.6550000e+01   1.7571912e+02   9.7677399e+00   9.4982830e+01   5.1308553e-02   3.5150905e-01
   1.6600000e+01   2.2365982e+02   1.1971159e+01   5.3446789e+01   4.9498361e-02   1.9381662e-01
   1.6650000e+01   1.7348932e+02   1.9081523e+01   1.0538279e+02   9.6666926e-02   3.7903872e-01
   1.6700000e+01   2.2700452e+02  -1.6590488e+01   2.0037324e+01  -7.6550640e-02   7.9436634e-02
   1.6750000e+01   1.4784662e+02  -1.6983897e+01   1.2091706e+02  -1.2583140e-01   4.4895906e-01
   1.6800000e+01   2.1697042e+02  -8.4200901e+00   9.4627821e+01  -3.9239322e-02   3.0317597e-01
   1.6850000e+01   1.4896152e+02   1.5748580e+01   3.0336867e+01   9.3268641e-02   1.7116704e-01
   1.6900000e+01   1.7237442e+02   9.1474412e+00   9.7347772e+01   4.9096762e-02   3.6150445e-01
   1.6950000e+01   2.6491112e+02  -9.8644140e+00   7.8659687e+01  -3.7591281e-02   2.2834819e-01
   1.7000000e+01   2.5041742e+02   7.4385504e+01   1.8951466e+01   2.2421108e-01   7.7248293e-02
   1.7050000e+01   1.9244262e+02   9.2214904e+00  -1.4786015e+01   4.4545083e-02  -8.1709171e-02
   1.7100000e+01   1.5453602e+02   1.4350582e+01   1.9043128e+01   8.2863537e-02   1.1169531e-01
   1.7150000e+01   1.1997412e+02   9.1567429e+00   4.9444211e+01   6.9124909e-02   2.9288076e-01
   1.7200000e+01   2.1920022e+02   2.8774853e+01   7.6737997e+01   1.1325574e-01   2.6124727e-01
   1.7250000e+01   1.6011052e+02   1.8424199e+01   5.2882518e+01   1.0068615e-01   2.5003778e-01
   1.7300000e+01   1.4784662e+02   1.8581599e+01   6.8906142e+01   1.0895810e-01   3.1948021e-01
   1.7350000e+01   1.1885922e+02   1.8373313e+01   8.2724883e+01   1.3073622e-01   4.1182427e-01
   1.7400000e+01   1.8686812e+02   2.5210461e+01   9.5514976e+01   1.1603059e-01   3.3984045e-01
   1.7450000e+01   1.6568502e+02   6.0829721e+00   1.1829250e+02   3.4488917e-02   4.1689376e-01
   1.7500000e+01   1.7348932e+02   1.9081523e+01   3.6764992e+01   9.6666926e-02   1.7688046e-01
   1.7550000e+01   3.1954122e+02   8.1705755e+00   3.3048833e+01   2.4274109e-02   9.4299368e-02
   1.7600000e+01   2.9612832e+02   2.6626879e+01   1.3079345e+00   8.0446481e-02   6.8026014e-03
   1.7650000e+01   2.6491112e+02   1.1110109e+01  -3.7406840e+00   3.9204751e-02  -1.3156853e-02
   1.7700000e+01   2.0470652e+02  -7.3507542e+00  -1.0675347e+01  -3.6202155e-02  -5.6101057e-02
   1.7750000e+01   3.3737962e+02   2.3030022e+01  -1.6690083e+01   6.2278628e-02  -5.0004518e-02
   1.7800000e+01   2.1808532e+02   2.0664643e+01   2.1684136e+00   8.4409703e-02   1.2351778e-02
   1.7850000e+01   3.6079252e+02   3.5579536e+01   6.8763914e+01   8.7547312e-02   1.6195898e-01
   1.7900000e+01   2.5153232e+02   1.1441347e+02  -2.4412363e+01   3.0678838e-01  -9.2597203e-02
   1.7950000e+01   3.6302232e+02   3.7208982e+01  -9.1907298e+00   9.0681786e-02  -2.3064484e-02
   1.8000000e+01   2.1362572e+02   5.3883181e+01  -3.1270830e+01   1.9705053e-01  -1.6219347e-01
   1.8050000e+01   2.4149822e+02   7.4251267e+01  -2.9043860e+01   2.3026212e-01  -1.2606011e-01
   1.8100000e+01   2.8720912e+02   6.2970074e+01   1.3275416e+01   1.7581316e-01   4.9568058e-02
   1.8150000e+01   2.7494522e+02   5.5831988e+01   3.0115134e+01   1.6497753e-01   1.0315888e-01
   1.8200000e+01   1.6122542e+02  -3.5594723e+00   7.1349731e+01  -2.1951908e-02   3.0649428e-01
   1.8250000e+01   7.9837717e+01   1.4480259e+01   4.6660974e+01   1.4999577e-01   3.7081362e-01
   1.8300000e+01   1.7237442e+02  -2.1858376e+01   1.2597603e+02  -1.4074145e-01   4.2109446e-01
   1.8350000e+01   1.6011052e+02   1.0974191e+00   5.4820742e+01   6.6245409e-03   2.5516463e-01
   1.8400000e+01   1.6122542e+02   1.0002067e+00   5.7116112e+01   5.9997406e-03   2.6168219e-01
   1.8450000e+01   1.6679992e+02   3.2499524e+00   6.1425146e+01   1.8604371e-02   2.6942429e-01
   1.8500000e+01   1.4784662e+02   6.7264340e+00   1.3198832e+02   4.2388921e-02   4.7200823e-01
   1.8550000e+01   1.6457012e+02  -2.9391735e+00   5.9835749e+01  -1.7683851e-02   2.6638082e-01
   1.8600000e+01   1.8909792e+02   7.6892558e+00   5.1724219e+01   3.8057174e-02   2.1545947e-01
   1.8650000e+01   2.0359162e+02  -1.2725157e+01   1.1115339e+02  -6.4750131e-02   3.5244556e-01
   1.8700000e+01   1.9355752e+02  -2.5529282e+01   3.4843743e+01  -1.4721929e-01   1.4998477e-01
   1.8750000e+01   1.6457012e+02   3.4443771e+00   6.1408926e+01   1.9956968e-02   2.7204626e-01
   1.8800000e+01   2.0693632e+02  -1.6664537e+01   7.4989611e+01  -8.5012116e-02   2.6481489e-01
   1.8850000e+01   2.1920022e+02   7.8003296e+00   7.6797009e+01   3.3464139e-02   2.5997934e-01
   1.8900000e+01   1.9021282e+02  -4.2631219e+00   6.6782042e+01  -2.2292189e-02   2.5952522e-01
   1.8950000e+01   1.8575322e+02  -5.6981441e+00   6.9240887e+01  -3.0764236e-02   2.7109854e-01
   1.9000000e+01   1.7906382e+02   1.1299974e+01   9.4803136e+01   5.7846990e-02   3.4689392e-01
   1.9050000e+01   1.6902972e+02  -1.5041514e+00   8.2536764e+01  -8.7336278e-03   3.2798257e-01
   1.9100000e+01   2.4818762e+02   3.9926369e+01   9.0881351e+00   1.3533693e-01   3.9357409e-02
   1.9150000e+01   2.8386442e+02   4.6846867e+01  -3.9806941e+01   1.3835303e-01  -1.5709644e-01
   1.9200000e+01   2.0359162e+02   7.6644552e+01  -1.3206762e+01   2.6808466e-01  -5.7848326e-02
   1.9250000e+01   3.7974582e+02   1.0216595e+01  -1.3074533e+01   2.5508271e-02  -3.4877331e-02
   1.9300000e+01   3.5187332e+02  -1.2887299e+01   3.3026127e+00  -3.6950762e-02   8.3251422e-03
   1.9350000e+01   3.0058792e+02  -4.7677872e+00   1.1670555e+01  -1.5674350e-02   3.6976888e-02
   1.9400000e+01   3.1285182e+02  -3.6550832e-01  -7.1503882e+00  -1.1379999e-03  -2.3423206e-02
   1.9450000e+01   3.5633292e+02   2.2267604e+00   1.5324411e+01   6.0433078e-03   4.1388007e-02
   1.9500000e+01   2.0582142e+02   2.0138533e+02  -4.3176978e+01   4.8769918e-01  -2.2445490e-01
   1.9550000e+01   1.3781252e+02   5.6845878e+01   6.0076150e+01   2.8639146e-01   3.0895568e-01
   1.9600000e+01   1.6011052e+02   3.4839044e+01   1.0136603e+02   1.7471826e-01   3.8986691e-01
   1.9650000e+01   1.0994002e+02   5.4719751e+00   1.1849908e+02   4.6189181e-02   5.1904545e-01
   1.9700000e+01   1.4561682e+02   2.4247639e+01   8.6575932e+01   1.3942381e-01   3.7462901e-01
   1.9750000e+01   1.2666352e+02  -7.8413756e+00   8.7925242e+01  -6.4092907e-02   4.0915428e-01
   1.9800000e+01   1.6345522e+02  -7.4016402e+00   1.1980646e+02  -4.6087916e-02   4.2254511e-01
   1.9850000e+01   1.0213572e+02   4.3285900e+00   8.2050176e+01   3.9601356e-02   4.4582713e-01
   1.9900000e+01   1.3558272e+02   5.0028353e-01   9.6119042e+01   3.5772165e-03   4.1487368e-01
   1.9950000e+01   7.0918517e+01  -2.0688220e+00   5.3108840e+01  -2.9211774e-02   4.2794449e-01
   2.0000000e+01   2.7160052e+02  -1.3283301e+00   9.0704281e+00  -4.7811970e-03   3.2193041e-02
   2.0050000e+01   3.4629882e+02  -9.6654296e+00  -1.5342052e+01  -2.7913641e-02  -4.7183977e-02
   2.0100000e+01   2.9055382e+02  -1.4836106e+01  -3.9785272e+01  -5.2277311e-02  -1.6051070e-01
   2.0150000e+01   3.1285182e+02  -1.9516160e+01  -3.0168001e+01  -6.4615733e-02  -1.0879075e-01
   2.0200000e+01   2.2811942e+02  -1.0304149e+01  -3.5412490e+00  -4.5968265e-02  -1.7030784e-02
   2.0250000e+01   9.9905917e+01   1.9113988e+01   4.8380128e+01   1.5693227e-01   3.2860332e-01
   2.0300000e+01   1.5453602e+02   5.2312241e+00   6.5808446e+01   3.1885273e-02   2.9911181e-01
   2.0350000e+01   1.6011052e+02   6.5690339e+00   5.8783192e+01   3.8385938e-02   2.6914007e-01
   2.0400000e+01   1.5565092e+02   8.7817549e+00   8.1419329e+01   5.2036826e-02   3.4409694e-01
   2.0450000e+01   1.3335292e+02  -1.2072393e+01   6.5509348e+01  -9.6588211e-02   3.2831764e-01
   2.0500000e+01   9.8791017e+01   6.4440987e+00   9.0970863e+01   5.9677583e-02   4.7987264e-01
   2.0550000e+01   1.0436552e+02   6.8699727e+00   6.5749541e+01   6.0190444e-02   3.8716991e-01
   2.0600000e+01   1.4115722e+02  -1.9136430e+01   1.3718526e+02  -1.5194213e-01   4.9192003e-01
   2.0650000e+01   1.4115722e+02  -4.5454572e+00   5.7786230e+01  -3.2343608e-02   2.9002679e-01
   2.0700000e+01   1.1328472e+02   1.3387760e+01   1.0616900e+02   1.0312378e-01   4.8463817e-01
   2.0750000e+01   1.0994002e+02   2.0974884e+01   7.3306941e+01   1.5656208e-01   4.0189650e-01
   2.0800000e+01   2.1139592e+02   1.5776303e+01   8.0498666e+01   6.7694965e-02   2.7683726e-01
   2.0850000e+01   5.7539717e+01   8.2170843e+00   2.9118804e+01             NaN             NaN
   2.0900000e+01   3.5187332e+02  -4.6798766e+00   3.6693407e+01  -1.3109746e-02   9.4137565e-02
   2.0950000e+01   2.8943892e+02  -1.2915022e+01  -1.7124805e+01  -4.5384109e-02  -6.4251640e-02
   2.1000000e+01   2.7494522e+02  -3.9921271e+01  -2.5504167e+01  -1.6450948e-01  -1.0703814e-01
   2.1050000e+01   2.8943892e+02  -2.5682123e+01   9.4632198e+00  -9.4487535e-02   2.9403938e-02
   2.1100000e+01   1.8017872e+02  -9.7717613e+00   2.1677937e+01  -5.5706011e-02   1.0622227e-01
   2.1150000e+01   1.5342112e+02  -1.8381894e+01   7.0739903e+01  -1.3195436e-01   3.1405463e-01
   2.1200000e+01   1.7460422e+02   1.1688824e+01   6.5036316e+01   6.1150733e-02   2.7235126e-01
   2.1250000e+01   1.4896152e+02   2.9814785e+00   8.4372013e+01   1.9101668e-02   3.6181463e-01
   2.1300000e+01   1.5676582e+02   1.9627772e+01   7.1054257e+01   1.0858933e-01   3.1348762e-01
   2.1350000e+01   1.2108902e+02   2.6759800e+00   9.3624343e+01   2.1048872e-02   4.3623347e-01
   2.1400000e+01   9.6561217e+01   7.5504592e+00   6.7980032e+01   7.0699526e-02   4.1387646e-01
   2.1450000e+01   1.1774432e+02  -5.2398052e+00   3.2762100e+01  -4.5257241e-02   2.1694161e-01
   2.1500000e+01   1.0102082e+02   8.0735456e+00   7.9346759e+01   7.2147621e-02   4.4059435e-01
   2.1550000e+01   1.2220392e+02   6.2265108e+00   7.4926326e+01   4.7232016e-02   3.8061463e-01
   2.1600000e+01   9.5446317e+01   4.9118642e+00   4.7692618e+01   4.7682461e-02   3.3380951e-01
   2.1650000e+01   1.2554862e+02  -1.5951585e+01   8.1973458e+01  -1.4105490e-01   3.9375016e-01
   2.1700000e+01   1.3781252e+02   3.0416662e+00   6.3807586e+01   2.1022545e-02   3.1675316e-01
   2.1750000e+01   1.7906382e+02  -4.2029342e+00   1.1483542e+02  -2.3370464e-02   3.9049478e-01
   2.1800000e+01   2.2700452e+02  -2.4797910e+01  -1.1066210e+01  -1.1892442e-01  -5.4523047e-02
   2.1850000e+01   2.4261312e+02  -1.5215653e+01   1.2983046e+01  -6.4984426e-02   4.9264089e-02
   2.1900000e+01   1.8575322e+02  -3.8742725e+00  -1.5591757e+01  -2.0713203e-02  -9.2301963e-02
   2.1950000e+01   1.2108902e+02   1.6773636e+02   6.5424079e+00   5.7406186e-01   8.3831935e-02
   2.2000000e+01   1.0436552e+02   2.1205553e+02  -6.6105349e-01   6.6407884e-01   4.6376022e-02
   2.2050000e+01   9.8791017e+01   2.0706997e+02  -3.4398432e+01   6.7098107e-01             NaN
   2.2100000e+01   9.3216517e+01   2.0390829e+02  -3.1743674e+01   6.8033700e-01             NaN
   2.2150000e+01   1.5119132e+02   1.5599227e+02   1.4643271e+01   5.0095898e-01   1.1092415e-01
   2.2200000e+01   2.1139592e+02   6.9580515e+01  -1.0148650e+01   2.4256415e-01  -4.0695066e-02
   2.2250000e+01   2.9166872e+02   2.9751536e+01  -2.1903140e+01   9.0284812e-02  -7.7977140e-02
   2.2300000e+01   3.4072432e+02   2.3650321e+01   6.1048347e+00   6.3261841e-02   1.9410711e-02
   2.2350000e+01   3.0616242e+02   6.1317464e+01  -2.7757397e+01   1.6308165e-01  -9.3188233e-02
   2.2400000e+01   1.6679992e+02   1.2369310e+01  -1.5074552e+01   6.7295126e-02  -9.6935038e-02
   2.2450000e+01   3.5410312e+02   1.9747965e+01  -4.8386052e+01   5.1467664e-02  -1.5625023e-01
   2.2500000e+01   3.0281772e+02   5.7961358e+01   2.0658780e+01   1.5699235e-01   6.8380618e-02
   2.2550000e+01   3.1285182e+02   2.0609015e+01   1.1088680e+01   6.0232213e-02   3.5889872e-02
   2.2600000e+01   1.6679992e+02   5.9857598e+00   6.2248705e+00   3.3737154e-02   3.6878096e-02
   2.2650000e+01   3.0616242e+02   4.3990684e+01  -1.4382873e+01   1.2265096e-01  -4.5031451e-02
   2.2700000e+01   2.8720912e+02   2.4668771e+01   1.5490914e+00   7.7122820e-02   7.6580206e-03
   2.2750000e+01   2.3146412e+02   1.4938416e+01   1.8786610e+01   5.9082917e-02   7.6562342e-02
   2.2800000e+01   2.7494522e+02  -1.1651261e+01   1.0678473e+00  -4.3003338e-02   2.7300151e-03
   2.2850000e+01   2.0247672e+02   9.0420801e+01  -3.3087483e+00   3.0288968e-01  -4.2789704e-03
   2.2900000e+01   1.7014462e+02  -5.2491069e+00   3.2633201e+01  -3.0945141e-02   1.6034284e-01
   2.2950000e+01   1.6679992e+02   1.9664797e+01  -9.0288665e+00   1.0290187e-01  -5.3674894e-02
   2.3000000e+01   2.4707272e+02   7.3765206e+01  -1.7567011e+01   2.2509463e-01  -6.7263272e-02
   2.3050000e+01   3.6971172e+02  -8.0591459e+00   5.0055470e+00  -2.1668330e-02   1.2783824e-02
   2.3100000e+01   3.9200972e+02   2.1914360e+01  -3.2711570e+01   5.1584622e-02  -8.9245769e-02
   2.3150000e+01   1.3669762e+02   4.0307118e-01   2.3494920e+00   2.8606607e-03   1.6974181e-02
   2.3200000e+01   2.1920022e+02   5.5220991e+01  -8.5617049e+00   1.9685516e-01  -3.3318240e-02
   2.3250000e+01   2.4261312e+02   4.6795981e+01   1.4717235e+00   1.5801194e-01   1.1158068e-02
   2.3300000e+01   1.4450192e+02   8.8419427e+00   1.1117462e+02   5.6188698e-02   4.3535352e-01
   2.3350000e+01   5.6704902e+02  -4.2912095e+00   1.1617045e+02  -7.4175131e-03   1.6989283e-01
   2.3400000e+01   1.7794892e+02   2.2340416e+01   2.4953084e+01   1.0885179e-01   1.2558543e-01
   2.3450000e+01   2.6491112e+02  -1.6569918e+00   1.8272821e+01  -6.1229532e-03   6.4378235e-02
   2.3500000e+01   3.0839222e+02   1.5526250e+01   1.1668312e+01   4.6696471e-02   3.7719374e-02
   2.3550000e+01   2.7160052e+02   4.6092331e+01  -4.1979385e+01   1.4171598e-01  -1.7643199e-01
   2.3600000e+01   1.5119132e+02   1.5416840e+02   2.8570854e+01   4.9801876e-01   1.7800744e-01
   2.3650000e+01   1.4450192e+02   1.7481426e+02  -5.7437042e+00   5.4066170e-01  -7.0714226e-03
   2.3700000e+01   1.2666352e+02   2.4476484e+02  -4.3753057e+00   6.5279309e-01   1.7423306e-02
   2.3750000e+01   1.3000822e+02   2.3079417e+02  -1.1969839e+01   6.3332415e-01  -4.6076225e-02
   2.3800000e+01   1.3112312e+02   1.9148372e+02   1.5297378e+01   5.8691863e-01   1.3507452e-01
   2.3850000e+01   2.2477472e+02   1.6781497e+02  -1.8883359e+01   4.2075834e-01  -6.8163212e-02
   2.3900000e+01   1.4561682e+02   1.9842738e+02  -2.6685981e+01   5.7004140e-01  -1.7150755e-01
   2.3950000e+01   1.2331882e+02   2.1496260e+02  -3.3054886e+01   6.2907873e-01  -2.8351395e-01
   2.4000000e+01   1.0213572e+02   1.9309930e+02  -3.0556665e+01   6.4782163e-01             NaN
   2.4050000e+01   1.1662942e+02   2.0916232e+02  -1.8665902e+01   6.3568508e-01  -1.2553041e-01
   2.4100000e+01   1.8017872e+02   1.6896766e+02   1.3119925e+01   4.7709944e-01   8.9406434e-02
   2.4150000e+01   3.6525212e+02  -1.3141911e+01  -5.8511215e+00  -3.6276999e-02  -1.7286484e-02
   2.4200000e+01   2.2031512e+02   1.3902187e+02   9.5084397e+00   3.8039970e-01   5.6807039e-02
   2.4250000e+01   1.6457012e+02   1.9859864e+02  -8.4540581e+00   5.4004522e-01  -1.9082484e-02
   2.4300000e+01   1.7348932e+02   1.9326126e+02   1.2699193e+00   5.2011475e-01   3.6102488e-02
   2.4350000e+01   1.4450192e+02   2.0946782e+02  -2.7918232e+01   5.8512613e-01  -1.8201811e-01
   2.4400000e+01   1.4227212e+02   2.2607709e+02   6.8254956e+00   6.0723634e-01   8.3377422e-02
   2.4450000e+01   1.5565092e+02   2.0667182e+02  -1.1622291e+01   5.6367535e-01  -4.0311866e-02
   2.4500000e+01   3.4295412e+02   3.3487190e+01  -3.1597235e+01   8.6759594e-02  -9.8286919e-02
   2.4550000e+01   3.4964352e+02   3.6551659e+01  -1.8233064e+01   9.2321600e-02  -5.1878201e-02
   2.4600000e+01   3.4406902e+02   6.2571923e+01  -5.1191231e+00   1.5033832e-01  -1.0058749e-02
   2.4650000e+01   4.0315872e+02   4.1004824e+01   4.0086886e+00   9.0046683e-02   1.2535480e-02
   2.4700000e+01   2.5599192e+02   6.5692020e+01   2.9059162e+01   1.9979232e-01   1.0750775e-01
   2.4750000e+01   1.6122542e+02   1.6503115e+01   8.2829032e+01   9.0571335e-02   3.4059374e-01
   2.4800000e+01   1.4004232e+02   8.3188563e+00   1.0209516e+02   5.4637689e-02   4.2217831e-01
   2.4850000e+01   1.3335292e+02   1.6066440e+00   1.1201163e+02   1.1586322e-02   4.5660732e-01
   2.4900000e+01   1.0882512e+02  -3.5501705e+00   1.0578753e+02  -3.2780674e-02   4.9269608e-01
   2.4950000e+01   1.7460422e+02  -1.9902131e+00   1.2832251e+02  -1.1214446e-02   4.2350662e-01
   2.5000000e+01   2.2588962e+02   1.6336413e+01   5.5240209e+01   6.5738333e-02   1.9775470e-01
   2.5050000e+01   2.9947302e+02  -1.3789933e+01   3.5555163e+01  -4.6902998e-02   1.0512948e-01
   2.5100000e+01   3.1173692e+02  -8.4757182e+00  -1.5389432e+01  -2.7171971e-02  -5.2744868e-02
   2.5150000e+01   2.8274952e+02  -8.6840043e+00  -1.0719731e+01  -3.0802307e-02  -4.0304843e-02
   2.5200000e+01   1.6122542e+02  -4.4714081e+00   4.4004623e+01  -2.7731947e-02   2.1395281e-01
   2.5250000e+01   1.6791482e+02  -9.6143612e+00   8.3446761e+01  -5.8994975e-02   3.3128706e-01
   2.5300000e+01   1.6791482e+02   4.0646758e+00   6.5905764e+01   2.3010005e-02   2.8220224e-01
   2.5350000e+01   1.8909792e+02   1.1336999e+01   7.1901512e+01   5.5116225e-02   2.7633566e-01
   2.5400000e+01   1.9244262e+02   1.1045362e+01   3.0755162e+01   5.2889453e-02   1.3894602e-01
   2.5450000e+01   2.1697042e+02   1.7114112e+01   1.0778231e+02   7.1274005e-02   3.3284150e-01
   2.5500000e+01   1.4004232e+02  -7.1840523e+00   1.1069114e+02  -5.2533436e-02   4.4103611e-01
   2.5550000e+01   1.1774432e+02   1.1175039e+01   9.7256427e+01   8.4535712e-02   4.5312286e-01
   2.5600000e+01   2.3257902e+02   1.2105396e+01   3.0537055e+01   4.8199667e-02   1.1715804e-01
   2.5650000e+01   1.4227212e+02   2.8187019e+01   7.9281775e+01   1.6160904e-01   3.6004669e-01
   2.5700000e+01   1.3335292e+02   5.9058599e+01   3.4679828e+01   3.0113616e-01   2.1386186e-01
   2.5750000e+01   1.7348932e+02   2.1879546e+02   2.9881090e+00   5.5097153e-01   4.8832838e-02
   2.5800000e+01   1.4896152e+02   1.8901638e+02  -3.0216054e+01   5.5248624e-01  -2.0267300e-01
   2.5850000e+01   2.1028102e+02   1.4080872e+02   4.7589197e+00   3.9449248e-01   3.9150511e-02
   2.5900000e+01   2.9389852e+02  -1.7863550e+01   1.7726593e+01  -6.2854119e-02   5.5419578e-02
   2.5950000e+01   1.6791482e+02   2.0195474e+02   3.9194684e+01   5.3920992e-01   2.1008304e-01
   2.6000000e+01   1.2443372e+02   1.7656408e+02  -5.8896806e+00   5.7993005e-01  -9.0276985e-03
   2.6050000e+01   2.5710682e+02   6.7418680e+01  -4.8903592e+01   2.0326785e-01  -2.2416065e-01
   2.6100000e+01   3.3180512e+02   3.1723506e+01  -3.9251781e+00   8.5105715e-02  -9.3296125e-03
   2.6150000e+01   3.6748192e+02   4.2291748e+01  -7.4831014e+00   1.0069677e-01  -1.7552699e-02
