   1.0500000e+00   4.5086172e+02   3.5028864e+02  -3.8015066e+01   4.5544357e-01  -1.6787230e-01
   1.1000000e+00   3.7281872e+02   3.0602510e+02  -1.6859272e+01   4.6910896e-01  -1.2108278e-01
   1.1500000e+00   4.8765342e+02   2.9783610e+02  -5.2824146e+01   3.9667034e-01  -1.8348538e-01
   1.2000000e+00   4.8096402e+02   1.6436481e+02   1.4729909e+01   2.6894130e-01   4.4668994e-03
   1.2500000e+00   5.8019012e+02   7.4550629e+01  -5.2036485e+00   1.2151363e-01  -1.9157105e-02
   1.3000000e+00   6.2144142e+02   7.7337322e+01   5.3851092e+01   1.1814014e-01   7.1612472e-02
   1.3500000e+00   5.1887062e+02   1.5923572e+02   7.9252946e+01   2.4832503e-01   1.1447067e-01
   1.4000000e+00   4.0849552e+02   3.1157441e+01   4.1246877e+01   7.5877500e-02   8.6873634e-02
   1.4500000e+00   5.4897292e+02   6.5417410e+01   7.3317304e+00   1.1369343e-01   4.2229508e-03
   1.5000000e+00   5.8910932e+02   1.0751455e+02   7.1140893e+01   1.6420302e-01   9.6495092e-02
   1.5500000e+00   4.8319382e+02   1.3590038e+02   7.9664515e+01   2.3240293e-01   1.2538352e-01
   1.6000000e+00   2.3011152e+02   2.4460149e+02   7.0419729e+01   5.3364151e-01   1.8348718e-01
   1.6500000e+00   3.1818862e+02   2.4239332e+02   7.9597373e+01   4.5056721e-01   1.6099663e-01
   1.7000000e+00   2.4237542e+02   2.1070246e+02   4.4446982e+01   4.8342173e-01   1.0465542e-01
   1.7500000e+00   3.4383132e+02   1.6081903e+02   4.5200984e+01   3.3488604e-01   8.7330971e-02
   1.8000000e+00   3.4383132e+02   1.3346095e+02   3.4537778e+01   2.9470552e-01   6.6084364e-02
   1.8500000e+00   4.9880242e+02   1.0079778e+02   1.6131933e+02   1.7866914e-01   2.3544871e-01
   1.9000000e+00   3.9957632e+02   4.4702241e+01   6.0339174e+01   1.0748637e-01   1.2468887e-01
   1.9500000e+00   3.8062302e+02   8.5568090e+01   5.3527540e+01   1.9485078e-01   1.0987378e-01
   2.0000000e+00   5.4005372e+02   4.4308649e+01   5.5460335e+01   8.1152856e-02   8.7939672e-02
   2.0500000e+00   3.6835912e+02   7.2046453e+01   6.1932301e+01   1.7392753e-01   1.3282534e-01
   2.1000000e+00   4.2744882e+02   6.6894198e+01   8.7521980e+01   1.4417737e-01   1.6162543e-01
   2.1500000e+00   2.5686912e+02   8.8151240e+01   1.0386518e+02   2.6976616e-01   2.7436428e-01
   2.2000000e+00   3.8954222e+02   1.0758879e+02   5.3329383e+01   2.2917907e-01   1.0376389e-01
   2.2500000e+00   7.9648072e+02   6.3348092e-02   7.3497432e+01   8.5611100e-05   8.4476830e-02
   2.3000000e+00   6.2367122e+02   6.9238411e+00   6.6296739e+01   1.1809756e-02   9.5392359e-02
   2.3500000e+00   3.5163562e+02   1.5284305e+02   3.4637547e+01   3.1875908e-01   6.1260100e-02
   2.4000000e+00   3.8731242e+02   1.3970096e+02   1.0234973e+02   2.7968512e-01   1.9137537e-01
   2.4500000e+00   3.3268232e+02   1.1710630e+02   7.7565584e+01   2.7480027e-01   1.7096936e-01
   2.5000000e+00   5.2333022e+02   1.0201338e+01  -3.6747772e+01   2.0552817e-02  -7.7249648e-02
   2.5500000e+00   4.9099812e+02   1.7580176e+01   5.1710125e+01   3.7113134e-02   9.3034448e-02
   2.6000000e+00   5.5900702e+02  -6.5884940e+00   6.3394099e+01  -1.2850596e-02   1.0258070e-01
   2.6500000e+00   6.6938212e+02  -8.0050951e+00   1.2732214e+02  -1.3041532e-02   1.6045626e-01
   2.7000000e+00   5.1664082e+02   1.2608484e+01   5.6777206e+01   2.5598878e-02   9.7497529e-02
   2.7500000e+00   4.4417232e+02   3.0782453e+01   6.1785695e+01   6.9424437e-02   1.1801192e-01
   2.8000000e+00   3.1149922e+02   2.9951662e+02   4.5776863e+01   5.0861827e-01   6.8390728e-02
   2.8500000e+00   3.9511672e+02   3.0955247e+02   2.3861534e+01   4.5751515e-01   4.6709370e-04
   2.9000000e+00   4.1407002e+02   1.2368883e+02   1.0407454e+02   2.4332006e-01   1.8599742e-01
   2.9500000e+00   4.6647032e+02   2.1542719e+01   5.3614946e+01   4.7360271e-02   1.0023811e-01
   3.0000000e+00   5.5789212e+02  -2.1082254e+01   5.3581878e+01  -4.2404515e-02   9.0027108e-02
   3.0500000e+00   3.9288692e+02   2.4245323e+00  -2.1830811e+01   6.5992393e-03  -5.9363707e-02
   3.1000000e+00   3.4829092e+02   7.2249623e+00  -4.7417075e+01   2.1842936e-02  -1.5972795e-01
   3.1500000e+00   3.7170382e+02  -1.6702956e+01  -1.9638626e+01  -5.0832173e-02  -5.1963874e-02
   3.2000000e+00   4.0961042e+02  -9.9768827e+00  -5.4793922e+01  -2.6926011e-02  -1.5195139e-01
   3.2500000e+00   2.4237542e+02  -2.5488911e+01   2.9697357e+01  -1.2765835e-01   1.1549036e-01
   3.3000000e+00   1.4872382e+02   1.3682744e+01   8.0441973e+01   9.0113320e-02   3.4804350e-01
   3.3500000e+00   1.3757482e+02   2.4686162e+01   9.9824085e+01   1.6189144e-01   4.1584478e-01
   3.4000000e+00   1.7213672e+02   1.8024836e+01   1.0505806e+02   1.0130253e-01   3.7590040e-01
   3.4500000e+00   1.7659632e+02   3.9522445e+01   5.0035232e+01   1.9414567e-01   2.1024354e-01
   3.5000000e+00   2.0558372e+02  -1.1337673e+01   4.1929152e+01  -6.3113744e-02   1.7230184e-01
   3.5500000e+00   2.0000922e+02  -5.3799967e+00   4.8138312e+01  -2.9819623e-02   1.9532509e-01
   3.6000000e+00   1.9109002e+02   1.2724482e+01   4.6135210e+01   6.6887523e-02   1.9116009e-01
   3.6500000e+00   1.8328572e+02  -1.9424720e+01   9.3208806e+01  -1.2877867e-01   3.4065207e-01
   3.7000000e+00   2.1784762e+02   2.3158487e+01   1.0437044e+02   1.0268591e-01   3.2017524e-01
   3.7500000e+00   1.5987282e+02  -1.8295196e+01   5.8831612e+01  -1.4049646e-01   2.7364803e-01
   3.8000000e+00   1.8328572e+02  -5.7456830e+00   7.1093289e+01  -3.4924541e-02   2.8072047e-01
   3.8500000e+00   1.4314932e+02   4.8976927e-01   4.5335441e+01   3.6695655e-03   2.4037479e-01
   3.9000000e+00   1.4983872e+02   9.0258531e+00   7.1811101e+01   6.0895754e-02   3.2187234e-01
   3.9500000e+00   1.2977052e+02   8.9518039e+00   3.2985729e+01   6.9124962e-02   1.9930104e-01
   4.0000000e+00   1.8663042e+02   1.3531273e+02   2.3284150e+01   4.3835565e-01   6.4813118e-02
   4.0500000e+00   2.2230722e+02   1.1826408e+01  -1.5597760e+01   5.4165580e-02  -8.0184354e-02
   4.1000000e+00   3.0703962e+02  -1.6536255e+01   1.0884166e+00  -6.1544602e-02   7.6059715e-03
   4.1500000e+00   1.6544732e+02   1.8608110e+01   6.1551457e+01   1.0799836e-01   2.6655454e-01
   4.2000000e+00   9.7438416e+01  -2.8354213e+01   8.0697003e+01             NaN   4.5958865e-01
   4.2500000e+00   1.2196622e+02  -3.0492885e+01   5.3958390e+00             NaN             NaN
   4.3000000e+00   1.8886022e+02   3.7995491e+00   5.6288148e+01   2.1198025e-02   2.2869413e-01
   4.3500000e+00   1.3534502e+02  -7.9491022e+00   6.6884130e+01  -6.7491524e-02   3.3274051e-01
   4.4000000e+00   2.4460522e+02   7.6280285e-01  -1.2128186e+01   3.3458008e-03  -5.2433523e-02
   4.4500000e+00   3.1930352e+02   6.3312558e-01  -5.1182331e+01   2.1299487e-03  -1.9110766e-01
   4.5000000e+00   3.7727832e+02   4.0262937e+01  -3.1522199e+00   1.0304422e-01  -1.6795283e-02
   4.5500000e+00   2.5798402e+02   2.5130457e+01  -3.4508982e+00   9.4909281e-02  -2.1270114e-02
   4.6000000e+00   1.1527682e+02   2.2982666e+01   2.4590356e+01   1.7669631e-01   1.6532176e-01
   4.6500000e+00   2.4683502e+02   1.8807094e+01   3.8454778e+01   7.5803335e-02   1.3040727e-01
   4.7000000e+00   1.4426422e+02   6.7761075e+00   9.4949188e+01   4.8129202e-02   3.9561304e-01
   4.7500000e+00   2.0446882e+02  -2.4007562e+01   9.5956187e+01  -1.4468212e-01   3.2353620e-01
   4.8000000e+00   1.5764302e+02  -3.5097988e+00   3.8885123e+01  -2.4555684e-02   1.9895456e-01
   4.8500000e+00   1.7994102e+02  -8.1898533e+00   7.5949515e+01  -5.1519579e-02   2.9852193e-01
   4.9000000e+00   2.3903072e+02  -3.7052439e+01   3.7860961e+01  -2.0028944e-01   1.4548182e-01
   4.9500000e+00   1.8997512e+02   1.9205245e+01   6.5998357e+01   9.8145136e-02   2.5354913e-01
   5.0000000e+00   1.7102182e+02   1.5386241e+01   5.2749001e+01   8.8296523e-02   2.3168709e-01
   5.0500000e+00   1.5429832e+02   5.9011963e+00   5.6138756e+01   3.9542665e-02   2.6519609e-01
   5.1000000e+00   2.1004332e+02   6.5121933e+00   9.9390115e+01   3.2297526e-02   3.2010587e-01
   5.1500000e+00   1.6098772e+02   1.0789537e+01   6.4724384e+01   6.7292191e-02   2.8413900e-01
   5.2000000e+00   1.8551552e+02   6.8269935e+00   1.0856476e+02   3.8105333e-02   3.6804498e-01
   5.2500000e+00   1.8328572e+02   1.6140776e+01   1.3497555e+02   8.6590511e-02   4.2186031e-01
   5.3000000e+00   1.0301292e+02   8.5490931e+00   2.8522609e+01   8.2011472e-02   2.1293065e-01
   5.3500000e+00   4.2633392e+02   1.3812240e+02  -3.0231530e+01   2.5857673e-01  -1.0581627e-01
   5.4000000e+00   2.6132872e+02   2.0813792e+02  -1.4781900e+01   4.6160704e-01  -1.3312346e-01
   5.4500000e+00   1.9777942e+02   2.9575324e+02  -4.0436040e+01   6.1682098e-01             NaN
   5.5000000e+00   1.3868972e+02   3.2735164e+02  -7.5845842e+01   7.1758204e-01             NaN
   5.5500000e+00   1.9554962e+02   3.2239380e+02  -2.2399218e+00   6.3960798e-01  -1.5949551e-01
   5.6000000e+00   1.5429832e+02   2.7857000e+02   4.7736900e-01   6.6026715e-01  -1.5606484e-01
   5.6500000e+00   1.2196622e+02   3.7714242e+02  -8.8235894e+01   7.6898383e-01             NaN
   5.7000000e+00   1.5875792e+02   2.7179760e+02  -5.1383089e+01   6.4825567e-01             NaN
   5.7500000e+00   1.5206852e+02   2.7602862e+02  -8.3818552e+00   6.6147557e-01  -2.4062696e-01
   5.8000000e+00   1.8663042e+02   3.0310892e+02  -4.1231221e+01   6.3614367e-01             NaN
   5.8500000e+00   1.1527682e+02   3.4671987e+02  -3.9070952e+01   7.6402673e-01             NaN
   5.9000000e+00   7.5140416e+01   2.7179304e+02  -6.2611530e+01   7.9565985e-01             NaN
   5.9500000e+00   1.4983872e+02   3.1817209e+02  -3.8250477e+01   6.9566440e-01             NaN
   6.0000000e+00   9.2978816e+01   2.9668378e+02  -3.5705735e+01   7.7451766e-01             NaN
   6.0500000e+00   9.5208616e+01   1.1053451e+01   5.5708937e+01   1.1109306e-01   3.6558085e-01
   6.1000000e+00   2.5463932e+02   3.2717580e+01   1.4006758e+01   1.2150742e-01   4.3225811e-02
   6.1500000e+00   2.6355852e+02   2.1250317e+02  -2.8999299e+01   4.6465528e-01  -2.0729279e-01
   6.2000000e+00   4.1852962e+02  -1.9873940e+01  -3.9985366e+01  -5.3870892e-02  -1.0120722e-01
   6.2500000e+00   4.4082762e+02  -2.5465930e+01  -5.0851423e+01  -6.6310681e-02  -1.2477826e-01
   6.3000000e+00   4.2633392e+02  -3.1497656e+01  -5.4715276e+01  -8.6402885e-02  -1.3984548e-01
   6.3500000e+00   3.3156742e+02  -2.1410734e+01  -3.0448772e+01  -7.4706533e-02  -9.5162741e-02
   6.4000000e+00   3.4829092e+02  -3.1076341e+01  -5.6856139e+01  -1.0625570e-01  -1.8542210e-01
   6.4500000e+00   4.3190842e+02  -3.7455332e+01  -6.5498956e+01  -1.0296581e-01  -1.6961399e-01
   6.5000000e+00   4.0069122e+02  -1.6494670e+01  -5.8617226e+01  -4.6368993e-02  -1.6705400e-01
   6.5500000e+00   4.1295512e+02  -3.5802722e+01  -5.1913263e+01  -1.0293736e-01  -1.3517719e-01
   6.6000000e+00   4.7204482e+02  -1.7244646e+01  -4.7273970e+01  -4.0935869e-02  -1.0785277e-01
   6.6500000e+00   3.9846142e+02  -1.9036053e+01  -5.6040150e+01  -5.4216230e-02  -1.5873142e-01
   6.7000000e+00   4.7984912e+02  -5.1580315e+00  -4.8645366e+01  -1.1706930e-02  -1.1179572e-01
   6.7500000e+00   3.9400182e+02  -1.3204233e+00  -5.8010814e+01  -3.6207084e-03  -1.7230347e-01
   6.8000000e+00   3.7170382e+02   5.9899651e+01  -7.6049657e-01   1.4782998e-01  -1.4581409e-02
   6.8500000e+00   3.0815452e+02   9.8270444e+01  -2.3193260e+01   2.5556008e-01  -1.1068767e-01
   6.9000000e+00   3.5943992e+02   3.5434784e+01  -2.3153234e+01   9.5942001e-02  -7.7534126e-02
   6.9500000e+00   3.4606112e+02  -1.8114815e+01  -3.4062839e+00  -5.9714379e-02  -5.8735175e-03
   7.0000000e+00   4.2298922e+02  -6.5837520e+00  -5.2919404e+01  -1.7040862e-02  -1.4144521e-01
   7.0500000e+00   3.8954222e+02  -1.9638066e-02  -3.2985405e+01  -5.4272114e-05  -9.2506335e-02
   7.1000000e+00   3.9957632e+02  -8.9454927e-01  -2.3763377e+01  -2.4158025e-03  -6.3038387e-02
   7.1500000e+00   4.3525312e+02  -2.4067932e+01  -4.8706723e+01  -6.3293488e-02  -1.2066777e-01
   7.2000000e+00   3.5498032e+02  -3.3896056e+00  -5.0820806e+01  -1.0385828e-02  -1.6609207e-01
   7.2500000e+00   5.5566232e+02  -1.1768472e+01   2.2258201e+00  -2.3331049e-02   5.5941777e-03
   7.3000000e+00   3.4717602e+02  -1.7300092e+01  -5.3819906e+01  -5.6682941e-02  -1.7814844e-01
   7.3500000e+00   3.9288692e+02  -1.8549991e+01  -3.3208099e+01  -5.3547506e-02  -8.8035069e-02
   7.4000000e+00   3.5832502e+02  -1.8573711e+00  -7.3873100e+01  -5.6112636e-03  -2.5907447e-01
   7.4500000e+00   4.1629982e+02  -6.0004778e+00   1.9261776e+00  -1.5760866e-02   5.6967393e-03
   7.5000000e+00   3.9734652e+02  -4.0825300e+01  -4.6738197e+01  -1.2435795e-01  -1.2330155e-01
   7.5500000e+00   4.0403592e+02   6.3464043e+01   7.9096451e+00   1.4463353e-01   7.5055386e-03
   7.6000000e+00   3.7950812e+02   7.1986266e+01  -6.1600653e+01   1.6956727e-01  -2.1480921e-01
   7.6500000e+00   2.7470752e+02   1.9967588e+02   3.1876712e+01   4.3897868e-01   5.6997422e-02
   7.7000000e+00   3.3156742e+02   7.7078333e+01  -4.8327826e+01   2.0015826e-01  -1.9550934e-01
   7.7500000e+00   2.4237542e+02   2.0249504e+02  -3.6976272e+01   4.7350758e-01  -2.7625921e-01
   7.8000000e+00   3.2933762e+02   1.1557406e+02  -1.1457861e+01   2.7418971e-01  -6.5680317e-02
   7.8500000e+00   8.1208932e+02  -1.6800533e+01  -2.7581530e+01  -2.2777681e-02  -3.3464927e-02
   7.9000000e+00   4.5197662e+02  -4.2852898e+01  -3.0636032e+01  -1.1366530e-01  -6.4430389e-02
   7.9500000e+00   3.5609522e+02   4.8493523e+01  -7.2638189e+01   1.2785437e-01  -2.7291480e-01
   8.0000000e+00   3.9846142e+02  -6.2689517e+00  -2.5740756e+00  -1.7228044e-02  -5.2844463e-03
   8.0500000e+00   6.1475202e+02  -3.2423635e+01  -2.9919060e+01  -6.0194421e-02  -4.6719653e-02
   8.1000000e+00   3.9511672e+02   1.3173337e+01  -2.9900513e+01   3.4646993e-02  -8.4863750e-02
   8.1500000e+00   3.9177202e+02  -2.1188586e+01  -2.8335654e+01  -6.1819918e-02  -7.3180327e-02
   8.2000000e+00   4.6089582e+02  -2.9039624e+01  -3.2203343e+01  -7.2761274e-02  -6.9578152e-02
   8.2500000e+00   3.6612932e+02   2.9337572e+00  -1.9534162e+01   8.5520176e-03  -5.7044533e-02
   8.3000000e+00   3.6724422e+02  -1.5402171e+01  -3.5783897e+01  -4.7282430e-02  -1.0403436e-01
   8.3500000e+00   4.0403592e+02  -3.9584702e+01  -2.6308222e+01  -1.1790168e-01  -6.1142891e-02
   8.4000000e+00   4.3413822e+02  -6.6439397e+00  -1.4056897e+01  -1.6750236e-02  -3.2213641e-02
   8.4500000e+00   3.2933762e+02  -1.4832758e+01  -6.0913455e+01  -5.0953383e-02  -2.2176594e-01
   8.5000000e+00   3.8173792e+02  -3.8988306e+00  -5.7691974e+01  -1.1116789e-02  -1.7695328e-01
   8.5500000e+00   4.7984912e+02  -2.4222241e+00   8.2300982e+00  -5.4636768e-03   1.7235266e-02
   8.6000000e+00   3.2376312e+02   1.2099442e+01   3.4439834e+01   3.8673875e-02   9.3804897e-02
   8.6500000e+00   2.3457112e+02  -7.4816439e+00   2.7702364e+01  -3.5555337e-02   1.0757115e-01
   8.7000000e+00   2.0000922e+02   1.9154897e+00   6.5620298e+01   1.0204327e-02   2.4662139e-01
   8.7500000e+00   2.9923532e+02   1.3326178e+01   5.9523291e+01   4.5747266e-02   1.6353809e-01
   8.8000000e+00   2.1004332e+02   1.0159936e+01   9.2120288e+01   4.9493288e-02   3.0307655e-01
   8.8500000e+00   2.3903072e+02   4.1374040e+01   7.9407666e+01   1.5706435e-01   2.4183130e-01
   8.9000000e+00   1.1973642e+02   5.8159313e+01   8.4687615e+01   3.4334943e-01   4.0124479e-01
   8.9500000e+00   1.7882612e+02   1.4705754e+01   5.9667550e+01   8.1325545e-02   2.4663195e-01
   9.0000000e+00   2.5129462e+02   1.8530250e+02  -3.5075181e+01   4.4252197e-01  -2.4374883e-01
   9.0500000e+00   4.7427462e+02   6.4635151e+01  -6.1190919e+00   1.2793689e-01  -2.3882970e-02
   9.1000000e+00   3.6055482e+02   9.8261142e+01  -2.1034898e+01   2.2682758e-01  -8.5994842e-02
   9.1500000e+00   3.3825682e+02   5.1872792e+01   4.3678291e+01   1.4169197e-01   1.0506372e-01
   9.2000000e+00   5.0612616e+01  -5.6096316e-01   3.6533405e+01             NaN             NaN
   9.2500000e+00   1.6321752e+02  -9.4674753e+00   8.7570203e+01  -6.6600614e-02   3.5105440e-01
   9.3000000e+00   1.8551552e+02   2.4153774e+01   6.3168599e+01   1.2292755e-01   2.4842801e-01
   9.3500000e+00   1.9889432e+02   1.0220124e+01   7.3843122e+01   5.2415615e-02   2.6865186e-01
   9.4000000e+00   2.6021382e+02  -5.9817014e-01   4.5166852e+01  -2.4807294e-03   1.4803108e-01
   9.4500000e+00   3.8285282e+02  -3.3177989e+01  -7.2717567e+01  -1.0288640e-01  -2.2445135e-01
   9.5000000e+00   3.6389952e+02  -2.8789571e+01  -1.1405449e+01  -9.3093654e-02  -2.5947302e-02
   9.5500000e+00   4.3302332e+02  -1.2930278e+01  -3.3936265e+01  -3.3211998e-02  -8.2352492e-02
   9.6000000e+00   3.9623162e+02   7.6045100e+00  -2.9280332e+01   2.0241840e-02  -8.1507798e-02
   9.6500000e+00   3.8396772e+02  -8.6529343e+00  -9.1332359e+00  -2.4862411e-02  -2.2560526e-02
   9.7000000e+00   3.8842732e+02  -8.3436151e-01  -3.2891503e+01  -2.3177089e-03  -9.2316419e-02
   9.7500000e+00   3.8062302e+02  -4.7574537e+01  -2.4837980e+00  -1.5547024e-01   3.0254716e-03
   9.8000000e+00   3.2264822e+02  -6.0420621e+00  -1.3847760e+01  -2.0573549e-02  -4.3282367e-02
   9.8500000e+00   4.6201072e+02  -2.1841350e+01  -3.5298587e+01  -5.3619169e-02  -7.8499892e-02
   9.9000000e+00   3.0592472e+02  -3.5589694e+01   2.1520635e+01  -1.4316151e-01   7.3425760e-02
   9.9500000e+00   3.4494622e+02   9.3404710e+00   2.7834152e+01   2.8323573e-02   7.2889562e-02
   1.0000000e+01   2.4014562e+02   2.0635881e+00   8.3802283e+01   9.1655479e-03   2.5832925e-01
   1.0050000e+01   1.9109002e+02  -5.5142336e+00   6.1899006e+01  -3.2059816e-02   2.4592787e-01
   1.0100000e+01   2.3457112e+02  -1.8615754e-01   4.5184350e+01  -8.5503968e-04   1.6155641e-01
   1.0150000e+01   1.5206852e+02  -2.8557939e+01   6.4573505e+01  -2.5338510e-01   3.0507218e-01
   1.0200000e+01   1.8217082e+02  -2.0007274e+00   7.9826172e+01  -1.1964188e-02   3.0508944e-01
   1.0250000e+01   2.0558372e+02   8.7249143e+00   7.1706532e+01   4.3689817e-02   2.5680877e-01
   1.0300000e+01   1.4537912e+02   1.6710189e+01   5.7239008e+01   1.1010952e-01   2.7794222e-01
   1.0350000e+01   1.8997512e+02   3.0148475e+01   1.0365764e+02   1.4590891e-01   3.4789681e-01
   1.0400000e+01   1.8997512e+02  -4.5050855e+00   8.4661484e+01  -2.6196659e-02   3.0913412e-01
   1.0450000e+01   1.8551552e+02  -1.5059466e+01   8.3565926e+01  -9.5752659e-02   3.1349869e-01
   1.0500000e+01   2.0669862e+02  -1.4170693e+01   6.9690417e+01  -7.9681632e-02   2.5506741e-01
   1.0550000e+01   1.8551552e+02  -1.6883337e+01   4.9461050e+01  -1.0860890e-01   2.1480873e-01
   1.0600000e+01   2.1115822e+02  -3.1886323e+01   6.2512040e+01  -1.9411100e-01   2.3523647e-01
   1.0650000e+01   2.8251182e+02   3.6670822e+01   1.0727308e+02   1.2260004e-01   2.6995765e-01
   1.0700000e+01   3.7058892e+02   1.5392625e+02  -6.7013014e+00   3.0897484e-01  -5.2468019e-02
   1.0750000e+01   9.2978816e+01   2.8938829e+02  -7.6060321e+01   7.7013986e-01             NaN
   1.0800000e+01   1.6098772e+02   2.9348963e+02  -1.4931733e+01   6.6244692e-01             NaN
   1.0850000e+01   1.4314932e+02   2.8227793e+02   1.3813796e+01   6.7976832e-01  -5.7448454e-02
   1.0900000e+01   1.0412782e+02   3.4678006e+02  -3.9050038e+01   7.8190031e-01             NaN
   1.0950000e+01   1.7436652e+02   3.1968116e+02  -1.5607509e+01   6.6370925e-01  -2.9826442e-01
   1.1000000e+01   1.9777942e+02   2.9392937e+02  -5.6242836e+01   6.1535786e-01             NaN
   1.1050000e+01   2.1450292e+02   1.3835403e+02   7.0907284e+01   4.0979714e-01   2.1950080e-01
   1.1100000e+01   2.7916712e+02   3.2402780e+01   5.0577310e+01   1.1106950e-01   1.4697188e-01
   1.1150000e+01   3.7504852e+02   5.8038016e+00   1.6718829e+01   1.6385475e-02   4.1589410e-02
   1.1200000e+01   1.7994102e+02   3.2847258e+01   1.0109336e+02   1.6423386e-01   3.5394320e-01
   1.1250000e+01   3.9511672e+02  -2.0568287e+01   8.1828237e+00  -5.9364546e-02   2.4096559e-02
   1.1300000e+01   4.2075942e+02  -2.4628043e+01   6.2861127e+00  -6.7246517e-02   1.9047080e-02
   1.1350000e+01   2.4572012e+02   1.3927983e+02   4.5566451e+01   3.7895063e-01   1.2440888e-01
   1.1400000e+01   4.0403592e+02  -1.7698243e+01  -4.7054585e+01  -4.9487611e-02  -1.2753677e-01
   1.1450000e+01   3.5943992e+02   1.5372197e+01  -4.6068835e+01   4.4011996e-02  -1.5133032e-01
   1.1500000e+01   2.2676682e+02   5.1562734e+01   3.4840401e+01   1.9664137e-01   1.1991035e-01
   1.1550000e+01   1.5764302e+02  -5.3336704e+00   4.3663667e+01  -3.7798400e-02   2.1848501e-01
   1.1600000e+01   1.1973642e+02  -3.8523218e+00   1.1449702e+02  -3.5876775e-02   4.8945810e-01
   1.1650000e+01   1.5875792e+02  -7.2547543e+00   5.9886620e+01  -5.1737278e-02   2.7573757e-01
   1.1700000e+01   1.2865562e+02  -1.0101635e+01   1.1746123e+02  -9.2326043e-02   4.7889392e-01
   1.1750000e+01   1.6321752e+02  -1.1291347e+01   1.3123217e+02  -8.0463331e-02   4.4730732e-01
   1.1800000e+01   1.6544732e+02   3.6939375e-01   4.5293613e+01   2.3977077e-03   2.1482030e-01
   1.1850000e+01   1.4426422e+02   2.1367080e+01   9.7891519e+01   1.3751419e-01   4.0020221e-01
   1.1900000e+01   1.5875792e+02   1.8646037e+00   8.1739102e+01   1.2485434e-02   3.3948404e-01
   1.1950000e+01   1.6433242e+02  -4.0930729e+00   8.4678982e+01  -2.7551081e-02   3.4088933e-01
   1.2000000e+01   1.8663042e+02  -3.3015126e+00   1.0512048e+02  -1.9412865e-02   3.6086223e-01
   1.2050000e+01   8.2944716e+01   2.6762171e-01   3.6360542e+01   3.4612725e-03   3.0464968e-01
   1.2100000e+01   1.3088542e+02   3.3829768e+00   1.1823453e+02   2.7070612e-02   4.7406257e-01
   1.2150000e+01   1.3311522e+02   1.6867589e+01   5.7251812e+01   1.2003301e-01   2.9597302e-01
   1.2200000e+01   1.3534502e+02   2.0821916e+00   5.2038440e+01   1.6291233e-02   2.7709655e-01
   1.2250000e+01   2.1004332e+02   1.1071872e+01   8.9731016e+01   5.3697162e-02   2.9734355e-01
   1.2300000e+01   1.2754072e+02  -1.3652166e+01   1.1786116e+02  -1.3023593e-01   4.8248028e-01
   1.2350000e+01   1.7213672e+02   6.9805541e-01   1.3444340e+02   4.3464393e-03   4.3842836e-01
   1.2400000e+01   1.3980462e+02  -7.4260159e+00   1.3085784e+02  -6.0647725e-02   4.8455413e-01
   1.2450000e+01   1.5429832e+02  -2.0544942e+01   6.3671618e+01  -1.6731766e-01   2.9717884e-01
   1.2500000e+01   1.8328572e+02   7.0214182e+00   7.8814164e+01   3.9605445e-02   2.9926696e-01
   1.2550000e+01   1.1527682e+02   1.0962066e+00   1.2539082e+02   1.0132959e-02   5.2084546e-01
   1.2600000e+01   1.5541322e+02   4.8920482e+00   8.5983258e+01   3.2774750e-02   3.5519153e-01
   1.2650000e+01   1.4537912e+02  -1.0647885e+01   6.7161142e+01  -8.5592808e-02   3.1860360e-01
   1.2700000e+01   1.3088542e+02   1.1590399e+01   6.4709443e+01   8.7030666e-02   3.2778731e-01
   1.2750000e+01   1.4203442e+02   1.4989174e+00   8.6395999e+01   1.1232778e-02   3.7790360e-01
   1.2800000e+01   1.5095362e+02  -8.3981394e+00   6.2321135e+01  -6.3704411e-02   2.9433592e-01
   1.2850000e+01   1.4426422e+02   3.2310310e+01   7.1507518e+01   1.9426109e-01   3.2365707e-01
   1.2900000e+01   1.2308112e+02   3.2333473e+01   8.7568275e+01   2.2045150e-01   4.0876495e-01
   1.2950000e+01   3.1484392e+02  -8.0973830e+00   1.1677533e+02  -2.8474216e-02   2.7159693e-01
   1.3000000e+01   2.0446882e+02   9.7340625e+00   6.0160111e+01   4.8749582e-02   2.2515760e-01
   1.3050000e+01   2.2007742e+02   2.3875998e+01   1.2258273e+02   1.0457422e-01   3.5429722e-01
   1.3100000e+01   2.2230722e+02   1.9121894e+01   9.7949146e+01   8.4747566e-02   3.0266137e-01
   1.3150000e+01   1.5764302e+02   1.4728917e+01   5.9717487e+01   9.1386923e-02   2.7096076e-01
   1.3200000e+01   1.5318342e+02  -2.2090135e+00   1.4625189e+02  -1.5768499e-02   4.8871418e-01
   1.3250000e+01   1.7659632e+02   2.8579216e+01   1.0844087e+02   1.4836491e-01   3.7565655e-01
   1.3300000e+01   1.9220492e+02   4.4198478e+00   1.1796649e+02   2.4156390e-02   3.7965063e-01
   1.3350000e+01   4.0069122e+02   9.8409241e+01  -1.4289213e+01   2.0910099e-01  -5.7581768e-02
   1.3400000e+01   1.5095362e+02   2.8342132e+02  -2.7504139e+01   6.6899993e-01             NaN
   1.3450000e+01   3.3491212e+02   1.0961638e+02  -3.3677842e+01   2.6053728e-01  -1.4363027e-01
   1.3500000e+01   2.6578832e+02   3.1745457e+01   1.2158908e+02   1.1392642e-01   3.0954975e-01
   1.3550000e+01   1.6544732e+02   1.4960367e+01   1.0770470e+02   8.8705444e-02   3.9175512e-01
   1.3600000e+01   1.8663042e+02   1.1289460e+01   4.6306794e+01   6.1136714e-02   1.9581405e-01
   1.3650000e+01   2.2899662e+02  -1.7938812e+01   4.9471297e+01  -9.2094528e-02   1.8168736e-01
   1.3700000e+01   1.4537912e+02  -2.1591115e+01   4.5512683e+01  -1.9029983e-01   2.4495345e-01
   1.3750000e+01   2.5240952e+02  -1.9068335e+01   5.1826851e+01  -8.8522453e-02   1.7430892e-01
   1.3800000e+01   2.0669862e+02   3.0514161e+01   4.1819239e+01   1.3712612e-01   1.6038940e-01
   1.3850000e+01   2.1338802e+02   2.6283144e+01   5.1424985e+01   1.1706927e-01   1.8802950e-01
   1.3900000e+01   2.2342212e+02  -1.0379056e+00   1.5052124e+02  -5.0259475e-03   4.0265098e-01
   1.3950000e+01   3.7393362e+02   2.2532707e+00   1.2544246e+01   6.4449534e-03   3.2026204e-02
   1.4000000e+01   4.4863192e+02  -1.8850930e+01   1.7007052e+01  -4.7375523e-02   3.9498328e-02
   1.4050000e+01   4.2744882e+02   1.1266115e+01   1.1433004e+02   2.7589799e-02   2.0977025e-01
   1.4100000e+01   3.0926942e+02  -3.1583481e-01   5.4162664e+01  -1.1005498e-03   1.4908761e-01
   1.4150000e+01   2.4683502e+02  -8.5509799e+00   1.0098389e+02  -3.8736789e-02   2.9166664e-01
   1.4200000e+01   2.1896252e+02  -1.7975836e+01   4.2638540e+01  -9.6942002e-02   1.6736687e-01
   1.4250000e+01   2.2565192e+02  -3.2039449e-01   6.1232303e+01  -1.5308030e-03   2.1350626e-01
   1.4300000e+01   1.7882612e+02   1.1058011e+01   6.0075597e+01   6.2411865e-02   2.4880624e-01
   1.4350000e+01   1.7994102e+02   1.0960799e+01   1.2412699e+02   6.1537246e-02   4.0658500e-01
   1.4400000e+01   2.2788172e+02   4.1434228e+01   5.6555980e+01   1.6369123e-01   1.8980718e-01
   1.4450000e+01   2.1115822e+02  -2.5502772e+01   8.2383298e+01  -1.4944310e-01   2.8540162e-01
   1.4500000e+01   1.6321752e+02  -4.9077963e+00   7.5623844e+01  -3.3451759e-02   3.1770029e-01
   1.4550000e+01   1.3868972e+02  -1.8272033e+01   1.2521209e+02  -1.6526297e-01   4.7723318e-01
   1.4600000e+01   1.9666452e+02   1.5886164e+01   9.1512911e+01   7.9999975e-02   3.1466784e-01
   1.4650000e+01   2.0335392e+02   1.8950633e+01   5.4557363e+01   9.1172073e-02   2.0707910e-01
   1.4700000e+01   1.7548142e+02  -5.0651965e+00   5.0451180e+01  -3.2068807e-02   2.2463149e-01
   1.4750000e+01   1.8217082e+02   1.8973796e+01   7.9767160e+01   1.0081673e-01   3.0065219e-01
   1.4800000e+01   2.5129462e+02   6.5630793e+00   5.8111451e+01   2.7345879e-02   1.8649627e-01
   1.4850000e+01   1.7771122e+02  -7.9954286e+00   1.0338042e+02  -5.0897476e-02   3.6915439e-01
   1.4900000e+01   1.4426422e+02  -1.4313147e+00   8.2143734e+01  -1.0795652e-02   3.6312090e-01
   1.4950000e+01   1.3423012e+02   6.6926846e+01   1.2712885e+02   3.4926944e-01   4.7615452e-01
   1.5000000e+01   1.7548142e+02   2.0469006e+01   4.0733070e+01   1.1155868e-01   1.8247219e-01
   1.5050000e+01   2.5240952e+02   9.9425216e-01   1.2734943e+02   4.2224270e-03   3.3520968e-01
   1.5100000e+01   1.8217082e+02   7.3508000e-01   5.4360276e+01   4.3249631e-03   2.2963985e-01
   1.5150000e+01   1.8997512e+02  -6.3289571e+00   3.4545788e+01  -3.7196801e-02   1.5568487e-01
   1.5200000e+01   1.8774532e+02   1.1609540e+00   6.1160594e+01   6.6126195e-03   2.4544853e-01
   1.5250000e+01   1.7659632e+02   3.0450134e+00   8.6137344e+01   1.8223393e-02   3.2725406e-01
   1.5300000e+01   1.4649402e+02   1.5701041e+01   1.1681789e+02   1.0344179e-01   4.4109926e-01
   1.5350000e+01   1.8997512e+02  -9.0647645e+00   7.6022503e+01  -5.4146418e-02   2.8765821e-01
   1.5400000e+01   2.0112412e+02  -2.0980118e+01   1.3679650e+02  -1.2649784e-01   4.0763149e-01
   1.5450000e+01   1.5541322e+02  -1.3346668e+01   1.1318335e+02  -1.0186430e-01   4.2357874e-01
   1.5500000e+01   1.7325162e+02   1.7927623e+01   5.2459186e+01   1.0022755e-01   2.2772598e-01
   1.5550000e+01   1.3980462e+02  -4.6902085e+00   6.4221262e+01  -3.7467447e-02   3.1597292e-01
   1.5600000e+01   2.0558372e+02   1.6020401e+01   5.9454138e+01   7.7394433e-02   2.2072032e-01
   1.5650000e+01   2.1561782e+02   1.6969361e+01   6.8472143e+01   7.8103750e-02   2.3753924e-01
   1.5700000e+01   1.5652812e+02  -9.7961370e+00   3.9591096e+01  -7.2237458e-02   2.0491028e-01
   1.5750000e+01   1.7771122e+02   5.6836084e+00   1.4073366e+02   3.3282644e-02   4.4117753e-01
   1.5800000e+01   1.5764302e+02   1.2905046e+01   8.9655891e+01   8.0987024e-02   3.5998602e-01
   1.5850000e+01   2.4014562e+02   3.8541020e+01   4.0838392e+01   1.4731476e-01   1.3627901e-01
   1.5900000e+01   2.0446882e+02  -1.3976268e+01   5.1376118e+01  -7.9426655e-02   2.0413500e-01
   1.5950000e+01   1.3757482e+02   7.3593817e+00   1.4064573e+02   5.4449761e-02   5.0451638e-01
   1.6000000e+01   1.5541322e+02   7.6278556e+00   9.0251742e+01   5.0183748e-02   3.6587135e-01
   1.6050000e+01   2.1115822e+02   1.0974660e+01   7.6015566e+01   5.2984537e-02   2.6254670e-01
   1.6100000e+01   2.0892842e+02   1.2992956e+01   4.1486423e+01   6.2744742e-02   1.6234647e-01
   1.6150000e+01   1.2196622e+02  -5.8706182e+00   1.3301534e+02  -5.4646213e-02   5.2250739e-01
   1.6200000e+01   3.7727832e+02  -2.4484505e+01   1.5526918e+01  -7.5108810e-02   4.4085752e-02
   1.6250000e+01   1.8328572e+02  -2.0979398e+00   3.4089082e+01  -1.2475498e-02   1.5744366e-01
   1.6300000e+01   4.9991732e+02  -2.7882377e+01  -1.1844219e+01  -6.3875047e-02  -1.9811203e-02
   1.6350000e+01   3.8396772e+02   1.0497718e+01  -2.9573564e+01   2.8589845e-02  -8.5908549e-02
   1.6400000e+01   3.2041842e+02  -3.1118300e+00  -1.6457274e+01  -1.0565052e-02  -5.3317894e-02
   1.6450000e+01   4.9322792e+02  -1.4532002e+01   3.0136897e+01  -3.2755505e-02   5.9580217e-02
   1.6500000e+01   3.7393362e+02  -1.3944725e+00  -1.4494827e+01  -4.0306156e-03  -4.0017658e-02
   1.6550000e+01   3.5943992e+02  -2.8665192e+00  -1.4294219e+01  -8.6592850e-03  -4.0753892e-02
   1.6600000e+01   4.3748292e+02  -4.1997694e+00  -2.1200383e+01  -1.0442025e-02  -5.0117535e-02
   1.6650000e+01   4.6535542e+02  -2.4868794e+01   8.4897175e+00  -6.1039430e-02   2.1843255e-02
   1.6700000e+01   4.0626572e+02  -1.3332989e+01   5.0585555e+00  -3.6622410e-02   1.4740996e-02
   1.6750000e+01   3.3825682e+02  -3.2025302e+01  -2.0128944e+01  -1.1348546e-01  -5.5148643e-02
   1.6800000e+01   2.9812042e+02  -2.5789849e+01  -1.3865152e+01  -1.0268775e-01  -4.1549244e-02
   1.6850000e+01   3.6055482e+02   6.8401160e-01  -1.0119636e+01   2.0380514e-03  -2.9030970e-02
   1.6900000e+01   4.8988322e+02  -1.2416493e+01   2.5334024e+01  -2.8049785e-02   5.0920988e-02
   1.6950000e+01   3.7058892e+02  -4.7505786e+00  -4.6132749e+01  -1.3992582e-02  -1.4090714e-01
   1.7000000e+01   2.8474162e+02   1.7965032e+02  -2.0802292e+01   4.0447186e-01  -1.3806365e-01
   1.7050000e+01   2.5686912e+02   7.2648331e+01  -2.0199921e+01   2.3339617e-01  -1.1144620e-01
   1.7100000e+01   2.2453702e+02   1.9310721e+02  -3.3594627e+01   4.8073663e-01  -2.7453218e-01
   1.7150000e+01   1.9109002e+02   3.6746751e+02  -9.5581990e+00   6.7427701e-01  -2.4549342e-01
   1.7200000e+01   1.9109002e+02   3.1822298e+02   2.8122180e+00   6.4192089e-01  -1.2696145e-01
   1.7250000e+01   1.4649402e+02   3.3396664e+02  -4.9158047e+01   7.1048895e-01             NaN
   1.7300000e+01   1.3868972e+02   2.9543388e+02  -3.1104749e+01   6.9633575e-01             NaN
   1.7350000e+01   2.0335392e+02   2.4967039e+02   3.5885187e+00   5.6927582e-01  -8.2557844e-02
   1.7400000e+01   1.5095362e+02   2.7794970e+02   2.8002171e+01   6.6466898e-01   4.2756267e-02
   1.7450000e+01   1.4983872e+02   3.2911532e+02  -6.0059959e+01   7.0277600e-01             NaN
   1.7500000e+01   3.5163562e+02   5.1618179e+01  -2.4944203e+01   1.3645889e-01  -8.9521149e-02
   1.7550000e+01   3.2487802e+02   7.4925799e+01  -1.3761550e+01   1.9888973e-01  -6.3828934e-02
   1.7600000e+01   3.7170382e+02   1.0276063e+02   1.3067290e+00   2.2934885e-01  -1.7946494e-02
   1.7650000e+01   1.8328572e+02   3.7909122e+02   9.7462309e+00   6.9006732e-01  -1.1734912e-01
   1.7700000e+01   1.1081722e+02   9.5414443e+01  -1.7990950e+00   4.8102193e-01  -8.9432720e-02
   1.7750000e+01   1.8886022e+02   3.6629238e+01   7.7775583e+01   1.7272207e-01   2.8417062e-01
   1.7800000e+01   1.9554962e+02   2.8750477e+01   2.6033357e+01   1.3664303e-01   1.0864199e-01
   1.7850000e+01   1.1081722e+02   3.7962488e+01   8.2394488e+01   2.6941745e-01   4.1769559e-01
   1.7900000e+01   1.6544732e+02  -5.4254205e-01   3.1672065e+01  -3.5425702e-03   1.6085119e-01
   1.7950000e+01   1.9666452e+02   4.9429342e+00   4.9279113e+01   2.6343506e-02   1.9913640e-01
   1.8000000e+01   2.6467342e+02  -2.8108912e+00   6.3701394e+01  -1.1564754e-02   1.9451727e-01
   1.8050000e+01   3.1484392e+02  -3.6367393e+01   6.2756193e+01  -1.4200135e-01   1.7229492e-01
   1.8100000e+01   2.0892842e+02  -3.1691898e+01   3.0474181e+01  -1.9515730e-01   1.3604050e-01
   1.8150000e+01   1.8551552e+02   1.7188737e+02   2.8344608e+01   4.9935109e-01   7.5716985e-02
   1.8200000e+01   2.1673272e+02   3.0321999e+02  -4.1318291e+01   6.0096729e-01             NaN
   1.8250000e+01   1.2865562e+02   2.7807008e+02  -2.2275721e+01   6.9939896e-01             NaN
   1.8300000e+01   1.3423012e+02   2.1010077e+02  -1.9260819e+01   6.2755339e-01             NaN
   1.8350000e+01   1.9666452e+02   2.6210883e+02   2.2137066e+00   5.8927375e-01  -9.9727795e-02
   1.8400000e+01   1.6098772e+02   3.2267158e+02  -1.8196110e+01   6.8330678e-01             NaN
   1.8450000e+01   2.0335392e+02   3.1532977e+02  -2.2054411e+01   6.2536295e-01  -2.9375862e-01
   1.8500000e+01   2.6801812e+02   2.4676788e+02  -5.1141388e+01   4.9777426e-01             NaN
   1.8550000e+01   2.8139692e+02   1.2704968e+02   7.9626628e+00   3.2706615e-01  -6.2760553e-03
   1.8600000e+01   3.6055482e+02   1.1649986e+02  -2.5362394e+01   2.5806493e-01  -1.0504169e-01
   1.8650000e+01   2.1004332e+02   1.1138481e+02  -3.8140541e+01   3.6340416e-01  -2.8558675e-01
   1.8700000e+01   3.8062302e+02   5.1826466e+01  -1.8177604e+01   1.2783870e-01  -6.1765224e-02
   1.8750000e+01   2.5575422e+02   1.5755557e+02  -3.1982388e+01   3.9873584e-01  -2.0797871e-01
   1.8800000e+01   3.6389952e+02   1.1529629e+02  -2.3634529e+00   2.5432646e-01  -3.1702938e-02
   1.8850000e+01   4.0961042e+02   9.1737691e+00  -2.4914530e+01   2.3541789e-02  -6.6709883e-02
   1.8900000e+01   4.2856372e+02   5.9501500e+01  -7.7187357e+00   1.3002537e-01  -2.9474026e-02
   1.8950000e+01   2.5017972e+02   8.4174835e+01  -1.0036422e+01   2.6588924e-01  -7.0493765e-02
   1.9000000e+01   1.2977052e+02   2.8102456e+01   1.2004662e+02   1.8904810e-01   4.7602961e-01
   1.9050000e+01   1.7213672e+02   6.6357433e+01   6.7629791e+01   2.9327522e-01   2.6653889e-01
   1.9100000e+01   1.8774532e+02   2.8519028e+01   9.9270920e+01   1.4054009e-01   3.4086264e-01
   1.9150000e+01   1.3534502e+02   1.6673164e+01   1.0301323e+02   1.1708557e-01   4.2912381e-01
   1.9200000e+01   2.3680092e+02  -1.5883491e+01   1.2241435e+02  -7.7825133e-02   3.4300470e-01
   1.9250000e+01   1.2085132e+02   2.8880155e+01   1.5657790e+02   2.0461389e-01   5.6089235e-01
   1.9300000e+01   3.0926942e+02   6.1695800e+01   1.5204222e+01   1.7678348e-01   3.2791592e-02
   1.9350000e+01   2.0892842e+02   2.3276948e+02   3.7486920e+01   5.4531540e-01   8.6097931e-02
   1.9400000e+01   4.0626572e+02   1.0248286e+02  -1.2471463e+01   2.1355835e-01  -5.2622942e-02
   1.9450000e+01   3.0480982e+02   2.3261664e+02   2.5829957e+01   4.5100948e-01   2.5692051e-02
   1.9500000e+01   2.3234132e+02   3.4016032e+02  -2.4903910e+01   6.1180670e-01  -2.8068618e-01
   1.9550000e+01   1.8886022e+02   4.5885551e+02  -4.9509978e+01   7.2340835e-01             NaN
   1.9600000e+01   2.4237542e+02   2.8183345e+02   4.4684217e+00   5.5589833e-01  -7.5851261e-02
   1.9650000e+01   1.5095362e+02   4.0197297e+02  -1.1031293e+01   7.4137274e-01             NaN
   1.9700000e+01   1.5652812e+02   4.1972562e+02  -1.5946798e+00   7.4270373e-01  -2.7435095e-01
   1.9750000e+01   3.1038432e+02   1.4184894e+02   1.6607735e+00   3.2974355e-01  -3.0508084e-02
   1.9800000e+01   3.8062302e+02  -2.8896824e+00  -3.7216756e+01  -8.2400147e-03  -1.0766238e-01
   1.9850000e+01   3.5832502e+02  -1.8573711e+00  -9.8298203e+00  -5.6112636e-03  -2.7787491e-02
   1.9900000e+01   4.3525312e+02  -1.9508253e+01   5.5997178e+01  -5.0694635e-02   1.1667214e-01
   1.9950000e+01   4.5197662e+02  -3.4645476e+01   4.6750148e-01  -8.9937575e-02   6.8501154e-03
   2.0000000e+01   3.9177202e+02  -1.4805036e+01  -8.4643965e+00  -4.2405453e-02  -1.9071887e-02
   2.0050000e+01   4.3636802e+02  -1.5957722e+01  -3.8180420e+01  -4.0979746e-02  -9.2536551e-02
   2.0100000e+01   4.2075942e+02   1.5497132e+01  -5.0641863e+00   3.8136423e-02  -1.5076897e-02
   2.0150000e+01   2.6801812e+02   6.4380721e+01  -2.3877249e+01   2.0545592e-01  -1.2039957e-01
   2.0200000e+01   2.8808632e+02   3.1432518e+02  -2.2152148e+01   5.4013132e-01  -1.9096972e-01
   2.0250000e+01   9.9668216e+01   3.7452699e+02  -9.7215083e-01   8.0179013e-01             NaN
   2.0300000e+01   3.3714192e+02   9.3007115e+01  -8.9528097e+00   2.2897207e-01  -5.0040268e-02
   2.0350000e+01   4.7650442e+02   9.1798800e+01  -4.1184866e+01   1.7176433e-01  -1.1255321e-01
   2.0400000e+01   4.1184022e+02   8.4670016e+01  -1.9641729e+01   1.8121008e-01  -6.7711737e-02
   2.0450000e+01   4.1295512e+02   1.2378604e+02  -1.2583827e+01   2.4396168e-01  -5.6412713e-02
   2.0500000e+01   2.2788172e+02   1.7731266e+02  -8.9634974e+00   4.5581341e-01  -1.0969095e-01
   2.0550000e+01   1.8774532e+02   3.0939525e+02   1.5207466e+00   6.3950968e-01  -1.3371956e-01
   2.0600000e+01   2.6021382e+02   2.6295128e+02  -3.0059757e+01   5.2102971e-01  -2.3886814e-01
   2.0650000e+01   1.5429832e+02   3.0866388e+02  -2.3474360e+01   6.8288641e-01             NaN
   2.0700000e+01   1.1193212e+02   3.6798604e+02  -2.7087225e-01   7.7968915e-01             NaN
   2.0750000e+01   1.8997512e+02   2.6633985e+02  -1.4253819e+01   6.0146750e-01  -2.2288746e-01
   2.0800000e+01   1.7659632e+02   2.2738122e+02  -3.5022478e+01   5.8089900e-01             NaN
   2.0850000e+01   3.1261412e+02   1.1338450e+02  -1.1171461e+01   2.8080311e-01  -6.7779985e-02
   2.0900000e+01   2.9031612e+02   1.3721521e+02  -2.9792760e+01   3.3721803e-01  -1.6113391e-01
   2.0950000e+01   3.1038432e+02   7.7101496e+01  -2.9979809e+01   2.1098719e-01  -1.3069642e-01
   2.1000000e+01   1.6433242e+02   3.0778897e+02   2.0056568e+01   6.6845965e-01  -2.1669273e-02
   2.1050000e+01   1.2642582e+02   3.7675357e+02  -1.2723875e+01   7.6235584e-01             NaN
   2.1100000e+01   1.3311522e+02   3.2418995e+02   2.2884966e+00   7.2388558e-01  -2.0349463e-01
   2.1150000e+01   3.7950812e+02   1.0025628e+02   2.4440121e+01   2.2141440e-01   4.2323043e-02
   2.1200000e+01   1.2308112e+02   1.2270885e+01   1.2183417e+02   9.6921267e-02   4.9552107e-01
   2.1250000e+01   1.6098772e+02   2.4468574e+01   8.6066807e+01   1.4060972e-01   3.4339768e-01
   2.1300000e+01   1.8440062e+02   3.1333463e+02  -3.5507790e+01   6.4653995e-01             NaN
   2.1350000e+01   1.6210262e+02   3.2439824e+02  -4.8126404e+01   6.8296810e-01             NaN
   2.1400000e+01   2.0781352e+02   1.4440892e+02   1.0912997e+02   4.2793320e-01   3.2064444e-01
   2.1450000e+01   1.7102182e+02   9.0026900e+00   6.2612124e+01   5.3628006e-02   2.6582858e-01
   2.1500000e+01   1.7436652e+02  -6.7918557e+00   9.6392294e+01  -4.3766067e-02   3.5724120e-01
   2.1550000e+01   1.5429832e+02  -3.2181617e+00   1.2348941e+02  -2.2967704e-02   4.4503772e-01
   2.1600000e+01   2.0781352e+02  -4.0714044e+01   1.1154029e+02  -2.6726873e-01   3.5555290e-01
   2.1650000e+01   1.8551552e+02   3.8744747e+01   1.0270709e+02   1.8355579e-01   3.4965965e-01
   2.1700000e+01   1.4872382e+02   2.5537910e+01   1.2486102e+02   1.5600960e-01   4.5247951e-01
   2.1750000e+01   2.9031612e+02  -1.2342262e+01   3.0395114e+01  -4.7959783e-02   9.7430843e-02
   2.1800000e+01   2.6690322e+02  -2.0332096e+01  -1.8972782e+01  -8.9329880e-02  -6.9814177e-02
   2.1850000e+01   4.2744882e+02  -2.5211317e+01  -9.6760485e+00  -6.7796771e-02  -1.8460037e-02
   2.1900000e+01   3.4606112e+02  -1.7202880e+01   1.7077044e+01  -5.6538277e-02   5.0466866e-02
   2.1950000e+01   4.5086172e+02  -9.0140609e+00  -1.3833239e+01  -2.1995565e-02  -3.0027958e-02
   2.2000000e+01   3.5721012e+02   2.1038236e+01   1.7346155e+01   5.9620772e-02   4.2196314e-02
   2.2050000e+01   2.0335392e+02   3.1717734e+01   9.4299878e+01   1.4376455e-01   3.1119655e-01
   2.2100000e+01   1.6656222e+02   8.4796036e+00   7.4117997e+01   5.1956094e-02   3.0608222e-01
   2.2150000e+01   2.1561782e+02  -7.6529055e+00   1.0096084e+02  -3.9725502e-02   3.2016934e-01
   2.2200000e+01   2.5352442e+02   9.1044620e+00   8.7556015e+01   3.7219519e-02   2.5518128e-01
   2.2250000e+01   3.9177202e+02  -2.6660201e+01  -2.7646313e-01  -7.9045814e-02   4.4791693e-03
   2.2300000e+01   3.5052072e+02  -3.4918509e+01   1.2185928e+01  -1.2012007e-01   4.0661392e-02
   2.2350000e+01   4.8319382e+02   7.4800682e+01  -1.4140135e+01   1.4284147e-01  -4.2866531e-02
   2.2400000e+01   4.1072532e+02   8.2943357e+01   1.7150344e+01   1.7857040e-01   2.5635604e-02
   2.2450000e+01   1.9554962e+02  -6.8150189e+00   1.2836400e+02  -3.8978549e-02   3.9726081e-01
   2.2500000e+01   2.3457112e+02  -3.2103911e+01   1.1508530e+02  -1.7278722e-01   3.3381669e-01
   2.2550000e+01   1.8551552e+02   1.2298608e+01   7.3643792e+01   6.6611207e-02   2.8155639e-01
   2.2600000e+01   1.5429832e+02   3.1653889e+00   1.7538231e+02   2.1606695e-02   5.3163243e-01
   2.2650000e+01   1.1527682e+02   2.0081424e+00   1.3901237e+02   1.8407414e-02   5.4639640e-01
   2.2700000e+01   1.3980462e+02   2.9963352e+01   1.1523905e+02   1.8746491e-01   4.4687006e-01
   2.2750000e+01   1.9220492e+02  -1.3818868e+01   9.4846862e+01  -8.3888322e-02   3.3287373e-01
   2.2800000e+01   1.5095362e+02   1.9871870e+01   1.2320205e+02   1.2412177e-01   4.4631753e-01
   2.2850000e+01   1.7436652e+02  -6.7918557e+00   1.0782859e+02  -4.3766067e-02   3.8324192e-01
   2.2900000e+01   2.9477572e+02   2.7717974e+00   4.2416913e+01   1.0020856e-02   1.2524431e-01
   2.2950000e+01   3.2376312e+02  -6.6765965e-01  -1.2164460e+01  -2.2248560e-03  -3.8868614e-02
   2.3000000e+01   2.9589062e+02   7.2342641e+00   7.6223864e+01   2.5644233e-02   2.0365567e-01
   2.3050000e+01   1.8774532e+02  -5.2225966e+00   9.1609056e+01  -3.0869533e-02   3.2889100e-01
   2.3100000e+01   1.7213672e+02   1.6200964e+01   1.3042194e+02   9.1995067e-02   4.2872358e-01
   2.3150000e+01   1.8774532e+02   5.2229359e+01   1.7667271e+02   2.3045600e-01   4.7909749e-01
   2.3200000e+01   1.3980462e+02   1.6933421e+00   1.3669950e+02   1.2870819e-02   4.9414810e-01
   2.3250000e+01   2.8920122e+02  -1.3018198e+00   7.0333543e+01  -4.8693314e-03   1.9584647e-01
   2.3300000e+01   3.8508262e+02  -3.2460477e+01  -8.7600794e+00  -9.9798269e-02  -1.6571199e-02
   2.3350000e+01   1.7213672e+02  -3.8616236e+00   1.0521908e+02  -2.4746971e-02   3.8002523e-01
   2.3400000e+01   1.9554962e+02  -8.6388905e+00   8.0535560e+01  -4.9931058e-02   2.9339663e-01
   2.3450000e+01   1.9777942e+02   1.4877016e+01   7.3324953e+01   7.4908070e-02   2.6739265e-01
   2.3500000e+01   5.7907522e+02   2.6049132e+00  -1.7273464e+00   4.8191370e-03  -3.3381171e-03
   2.3550000e+01   4.3971272e+02  -1.4425488e+01   2.5683166e+01  -3.6608789e-02   5.7420318e-02
   2.3600000e+01   1.8663042e+02  -1.0596999e+01   9.8716572e+00  -6.5103010e-02   5.4138430e-02
   2.3650000e+01   3.8508262e+02  -3.0636606e+01   1.8483017e+01  -9.3665637e-02   5.1307896e-02
   2.3700000e+01   4.4528722e+02  -2.3118972e+01   3.7692211e+00  -5.9199068e-02   1.2283117e-02
   2.3750000e+01   3.5386542e+02   3.1361167e+01   4.3646816e+01   8.7094166e-02   1.0439552e-01
   2.3800000e+01   2.9143102e+02   1.2182792e+01   4.8234246e+01   4.3062917e-02   1.3964495e-01
   2.3850000e+01   1.6210262e+02   2.4849024e+00   1.1368306e+02   1.6233800e-02   4.1180988e-01
   2.3900000e+01   2.1450292e+02   7.9472155e+00   1.5640003e+02   3.8353604e-02   4.2072438e-01
   2.3950000e+01   1.4872382e+02   1.8242423e+01   1.1881533e+02   1.1664029e-01   4.4119007e-01
   2.4000000e+01   1.1973642e+02  -1.5707487e+01   7.2365231e+01  -1.6443960e-01   3.8057676e-01
   2.4050000e+01   8.9634116e+01   4.5281138e+01   1.5024613e+02   3.5225494e-01   6.2086403e-01
   2.4100000e+01   1.9777942e+02   4.8457218e+00   9.2745163e+01   2.5696884e-02   3.1836385e-01
   2.4150000e+01   2.3568602e+02  -7.5788563e+00   1.2606265e+02  -3.5857402e-02   3.4952368e-01
   2.4200000e+01   1.4760892e+02   3.8402223e+01   1.3714830e+02   2.1878728e-01   4.7622968e-01
   2.4250000e+01   1.1639172e+02   1.4678031e+01   1.4445409e+02   1.1952815e-01   5.5186233e-01
   2.4300000e+01   1.6990692e+02  -1.5522364e+01   1.1796531e+02  -1.0907263e-01   4.1220780e-01
   2.4350000e+01   1.4426422e+02   2.6838695e+01   9.7279448e+01   1.6685280e-01   3.9762115e-01
   2.4400000e+01   1.2642582e+02  -4.4355960e+00   1.3284376e+02  -3.9250524e-02   5.1301421e-01
   2.4450000e+01   2.3680092e+02   2.3552251e+00   7.9203434e+01   1.0593339e-02   2.5021290e-01
   2.4500000e+01   3.4717602e+02   9.1460463e+00   4.9777720e+00   2.7577054e-02   1.2172891e-02
   2.4550000e+01   3.3045252e+02   1.5163911e+01  -3.2250094e+01   4.7072886e-02  -1.1247527e-01
   2.4600000e+01   3.6947402e+02   3.0912130e+01   2.0040130e-01   8.2623158e-02  -5.8914533e-03
   2.4650000e+01   2.6244362e+02   1.1062571e+01   4.3856918e+01   4.3406661e-02   1.4080914e-01
   2.4700000e+01   2.0892842e+02   2.0497267e+00   8.1593984e+01   1.0450688e-02   2.8046435e-01
   2.4750000e+01   3.1484392e+02  -2.5424163e+01   5.4670271e+01  -9.5204042e-02   1.5241232e-01
   2.4800000e+01   4.8207892e+02  -2.9062787e+01  -2.0816980e+01  -6.9401507e-02  -4.0117901e-02
   2.4850000e+01   3.4829092e+02   6.8324661e+01  -8.5066650e+00   1.7435608e-01  -4.1047100e-02
   2.4900000e+01   3.6389952e+02   5.4196587e+01  -1.6114003e+01   1.3817200e-01  -5.8955169e-02
   2.4950000e+01   1.3645992e+02   3.5034445e+02  -1.2081816e+01   7.3430771e-01             NaN
   2.5000000e+01   1.9777942e+02   2.6383549e+02   2.2603133e+01   5.8949469e-01   1.2102846e-02
   2.5050000e+01   1.0078312e+02   3.2336137e+02   2.9908480e+01   7.7547750e-01   4.8843473e-02
   2.5100000e+01   1.1862152e+02   3.4551630e+02  -1.3784750e+01   7.5819433e-01             NaN
   2.5150000e+01   1.8886022e+02   2.5366996e+02   1.9187876e+01   5.9115214e-01  -1.1381229e-03
   2.5200000e+01   1.8886022e+02   3.1112191e+02  -2.1547767e+01   6.3942771e-01             NaN
   2.5250000e+01   2.3345622e+02   2.8625890e+02  -1.4302584e+01   5.6895908e-01  -1.8350451e-01
   2.5300000e+01   1.8551552e+02   2.6855257e+02  -2.8213842e+01   6.0911926e-01             NaN
   2.5350000e+01   1.6767712e+02   2.5369312e+02  -1.9645607e+01   6.1958534e-01             NaN
   2.5400000e+01   1.2419602e+02   2.8849022e+02   2.6889430e+01   7.1432914e-01   3.7386100e-02
   2.5450000e+01   1.5541322e+02   3.4869184e+02  -1.8805729e+01   7.0719602e-01             NaN
   2.5500000e+01   2.6913302e+02   1.3723837e+02  -2.0593783e+01   3.5439335e-01  -1.3061045e-01
   2.5550000e+01   2.0669862e+02   1.7747060e+01   2.2662064e+01   8.4606844e-02   9.3440055e-02
   2.5600000e+01   1.6321752e+02   6.9473691e+00   7.2010431e+01   4.3813235e-02   3.0455940e-01
   2.5650000e+01   3.4048662e+02   7.9054488e+00   8.0612717e+01   2.4384517e-02   1.9027126e-01
   2.5700000e+01   5.0883652e+02   1.1465099e+01   2.9477341e+01   2.3681012e-02   5.3216300e-02
   2.5750000e+01   3.0258002e+02  -5.2041755e+00   1.5842656e+01  -1.8864137e-02   5.0939945e-02
   2.5800000e+01   8.6289416e+01  -3.6717586e+00   1.2599606e+02  -4.8005284e-02   5.9405885e-01
   2.5850000e+01   1.7436652e+02  -1.4087342e+01   7.4335788e+01  -9.5255582e-02   3.0191909e-01
   2.5900000e+01   1.6098772e+02  -1.5656601e+01   7.4544506e+01  -1.1693413e-01   3.1995150e-01
   2.5950000e+01   2.6467342e+02   1.2212431e+02   5.4300298e+01   3.3186682e-01   1.4520208e-01
   2.6000000e+01   1.4537912e+02   3.4044740e+02  -6.4222997e+00   7.1598235e-01  -2.8748823e-01
   2.6050000e+01   2.2899662e+02   2.0913320e+02   7.8964600e+01   4.9574200e-01   2.1567138e-01
   2.6100000e+01   3.2599292e+02  -5.4217634e+00  -4.7764019e+00  -1.8230026e-02  -1.3561199e-02
   2.6150000e+01   1.9554962e+02   1.3924033e+00   1.0686055e+02   7.6067801e-03   3.5313515e-01
   2.6200000e+01   1.8440062e+02  -7.6667669e+00   1.5135952e+02  -4.6853811e-02   4.5175410e-01
   2.6250000e+01   2.5129462e+02   8.3869509e+00   6.7056467e+01   3.4681705e-02   2.0904302e-01
   2.6300000e+01   3.7281872e+02   5.7066631e+01   1.8409086e+00   1.4146570e-01  -6.8161233e-03
   2.6350000e+01   1.3868972e+02   8.1128969e+01   2.7176923e+01   3.8639395e-01   1.3135039e-01
   2.6400000e+01   1.3200032e+02   4.0088977e+02  -4.0013441e+00   7.6577131e-01             NaN
   2.6450000e+01   1.1527682e+02   2.8562018e+02   1.3509039e+01   7.2731254e-01  -7.7963072e-02
   2.6500000e+01   1.4872382e+02   3.4289157e+02   2.5317634e+01   7.1280095e-01  -6.1514937e-03
   2.6550000e+01   2.6467342e+02   1.6316142e+02   6.2518276e+00   3.9889936e-01  -2.4097852e-02
   2.6600000e+01   2.0446882e+02   2.2677478e+02  -2.1300197e+01   5.4419569e-01  -2.3305324e-01
   2.6650000e+01   1.2977052e+02   2.7523706e+02   3.9794444e+01   6.9541711e-01   1.2619961e-01
   2.6700000e+01   1.1527682e+02   2.8470824e+02   2.1747506e+00   7.2667783e-01  -2.0487983e-01
   2.6750000e+01   1.4091952e+02   3.0071107e+02   1.8619120e+01   6.9670675e-01  -3.2090071e-02
   2.6800000e+01   1.3980462e+02   2.8621731e+02   4.2323790e+00   6.8787619e-01  -1.4457957e-01
   2.6850000e+01   1.2865562e+02   3.0907589e+02   2.6862858e+01   7.2114556e-01   2.4434845e-02
   2.6900000e+01   9.7438416e+01   3.8657658e+02   6.1728756e+01   8.1027728e-01   2.4815400e-01
   2.6950000e+01   1.3200032e+02   3.0422458e+02  -1.1486174e+01   7.1272696e-01             NaN
   2.7000000e+01   1.4314932e+02   2.7863019e+02  -1.5512537e+01   6.7693038e-01             NaN
   2.7050000e+01   3.7727832e+02  -3.3603863e+01   4.3994156e+01  -1.0605012e-01   1.0986252e-01
   2.7100000e+01   4.0292102e+02  -1.7601031e+01   9.4747425e+01  -4.9345276e-02   1.9256684e-01
   2.7150000e+01   1.7771122e+02  -1.3467043e+01   1.0399249e+02  -8.8822612e-02   3.7145386e-01
   2.7200000e+01   1.7771122e+02  -1.1643172e+01   1.0378846e+02  -7.5880369e-02   3.7068923e-01
   2.7250000e+01   2.4794992e+02   6.9778287e+01   1.6739407e+01   2.3250853e-01   4.3964321e-02
   2.7300000e+01   2.7136282e+02   1.8720042e+02   1.2695208e+01   4.2615076e-01  -6.0179595e-03
   2.7350000e+01   1.5652812e+02   9.3545148e+00   9.0055828e+01   6.0444964e-02   3.6336638e-01
   2.7400000e+01   1.4314932e+02  -4.2216653e-01   7.7459092e+01  -3.1848168e-03   3.5121074e-01
   2.7450000e+01   1.8328572e+02   7.9333540e+00   1.2903187e+02   4.4520357e-02   4.1200073e-01
   2.7500000e+01   1.5206852e+02   3.3453695e+01   1.1710546e+02   1.9147327e-01   4.2963296e-01
   2.7550000e+01   1.3200032e+02   3.8851261e+01   8.9104319e+01   2.4060593e-01   3.9486315e-01
   2.7600000e+01   1.6990692e+02   2.0043132e+01   9.5688773e+01   1.1267930e-01   3.5656587e-01
   2.7650000e+01   1.9331982e+02   3.8064260e+01   5.4731399e+01   1.7488896e-01   2.1138944e-01
   2.7700000e+01   5.0103222e+02   4.9534953e+01  -6.7835515e+00   9.6190462e-02  -2.1556006e-02
   2.7750000e+01   5.1329612e+02   3.5698516e+01  -1.8989739e+01   6.9652449e-02  -4.4184894e-02
   2.7800000e+01   4.8876832e+02   4.9692353e+01   1.8389112e+01   9.8648338e-02   2.8981978e-02
   2.7850000e+01   3.1038432e+02   1.0993118e+02   7.6136246e+01   2.7602743e-01   1.7912113e-01
   2.7900000e+01   4.1629982e+02   3.1188802e+00   8.0960160e+01   8.0004229e-03   1.6241072e-01
   2.7950000e+01   1.2642582e+02  -8.0833392e+00   1.0351742e+02  -7.3915247e-02   4.5166123e-01
   2.8000000e+01   2.1004332e+02   7.4241291e+00   1.1987344e+02   3.6654533e-02   3.6224681e-01
   2.8050000e+01   1.8997512e+02   1.1909759e+01   6.4527192e+01   6.3219776e-02   2.5086124e-01
   2.8100000e+01   1.1750662e+02   2.8259856e+01   1.0633586e+02   2.0564992e-01   4.6992914e-01
   2.8150000e+01   1.8551552e+02   1.9594095e+01   1.2086016e+02   1.0209075e-01   3.9150696e-01
   2.8200000e+01   1.2308112e+02   2.5949922e+01   1.1344222e+02   1.8497900e-01   4.7521997e-01
   2.8250000e+01   1.3757482e+02   2.1950354e+01   1.6417340e+02   1.4657991e-01   5.4152317e-01
   2.8300000e+01   3.8954222e+02  -1.2786739e+01  -1.0971900e+01  -3.6630098e-02  -2.6330965e-02
   2.8350000e+01   3.7727832e+02  -1.0805468e+01   3.0007561e+01  -3.1812023e-02   7.5552830e-02
   2.8400000e+01   1.5875792e+02   9.1600901e+00   6.4912188e+01   5.8479433e-02   2.8798362e-01
   2.8450000e+01   1.7659632e+02   1.2211418e+00   7.4905067e+01   7.3887780e-03   2.9757077e-01
   2.8500000e+01   1.4872382e+02  -2.5530495e+01   1.0541382e+02  -2.2668370e-01   4.1925267e-01
   2.8550000e+01   1.3757482e+02  -8.4804055e-01   5.9222475e+01  -6.6800254e-03   3.0116169e-01
   2.8600000e+01   1.1081722e+02   1.4850560e+00   7.7325920e+01   1.4220807e-02   4.1063935e-01
   2.8650000e+01   1.8105592e+02  -3.7273866e+00   8.2309346e+01  -2.2663846e-02   3.1327264e-01
   2.8700000e+01   1.9554962e+02  -1.8670184e+01   1.3197741e+02  -1.1455150e-01   4.0554307e-01
   2.8750000e+01   1.9443472e+02  -2.1581275e+00   8.8962408e+01  -1.2092962e-02   3.1431368e-01
   2.8800000e+01   2.2453702e+02  -3.2140935e+01   9.9103506e+01  -1.8216138e-01   3.1144504e-01
   2.8850000e+01   2.6244362e+02  -1.6295503e+01   1.2239685e+02  -7.1628351e-02   3.2024724e-01
   2.8900000e+01   1.8997512e+02  -1.7272187e+01   7.0078829e+01  -1.0849046e-01   2.7317043e-01
   2.8950000e+01   1.7994102e+02   4.5772479e+00   8.1383130e+01   2.6653290e-02   3.1050225e-01
   2.9000000e+01   1.9220492e+02  -8.3472534e+00   6.4500411e+01  -4.9043516e-02   2.5312005e-01
   2.9050000e+01   1.5095362e+02   2.7167357e+01   9.4938835e+01   1.6229463e-01   3.8086692e-01
   2.9100000e+01   2.0558372e+02   5.1749212e-01   7.0337379e+01   2.7023948e-03   2.5481155e-01
   2.9150000e+01   2.5686912e+02  -3.0423405e+00   9.3481018e+01  -1.2914503e-02   2.6730835e-01
   2.9200000e+01   4.3525312e+02   1.4662701e+00   3.3065566e+01   3.6133413e-03   7.0382220e-02
   2.9250000e+01   2.8920122e+02  -4.0376272e+00   3.4043418e+01  -1.5258496e-02   1.0617178e-01
   2.9300000e+01   1.0635762e+02   2.2848429e+01   9.3245289e+01   1.8782253e-01   4.6244744e-01
   2.9350000e+01   1.2085132e+02   3.3459522e+00   1.0225273e+02   2.8941610e-02   4.5769651e-01
   2.9400000e+01   1.3200032e+02   3.3379646e+01   2.7960370e+01   2.1397077e-01   1.6141057e-01
   2.9450000e+01   1.9331982e+02   9.7942502e+00   1.2879882e+02   5.1717954e-02   3.9845003e-01
   2.9500000e+01   1.4314932e+02  -2.0484754e+01   1.2087403e+02  -1.8209739e-01   4.6101427e-01
   2.9550000e+01   1.4872382e+02  -8.2037147e+00   1.0576286e+02  -6.3128393e-02   4.1703032e-01
   2.9600000e+01   1.1750662e+02  -4.5698329e+00   1.0314651e+02  -4.3693829e-02   4.6830226e-01
   2.9650000e+01   1.4203442e+02   2.0649569e+01   1.2084991e+02   1.3532534e-01   4.5644181e-01
   2.9700000e+01   1.5429832e+02  -1.0513648e+01   1.0143291e+02  -7.9156320e-02   3.9853009e-01
   2.9750000e+01   2.6467342e+02  -3.0168965e+01   4.6176408e+01  -1.3986627e-01   1.5482298e-01
   2.9800000e+01   2.1673272e+02  -3.1904388e+00   1.5535313e+02  -1.6101714e-02   4.1790136e-01
   2.9850000e+01   7.4025516e+01  -2.6024226e+00   8.2448911e+01  -3.9333284e-02   5.2751725e-01
   2.9900000e+01   1.7548142e+02   4.0541615e+00   6.0867362e+01   2.4266663e-02   2.5655655e-01
   2.9950000e+01   1.3311522e+02   4.1489856e+01   7.9657353e+01   2.5123006e-01   3.6490564e-01
   3.0000000e+01   3.4717602e+02  -3.6210549e+00   3.1565797e+01  -1.1355287e-02   8.4013680e-02
   3.0050000e+01   1.9554962e+02   1.8719184e+01   1.1864589e+02   9.3421013e-02   3.7476886e-01
   3.0100000e+01   1.2308112e+02  -2.1470739e+01   6.1565331e+01  -2.3120350e-01   3.3929904e-01
   3.0150000e+01   1.9666452e+02   1.4974228e+01   3.4433423e+01   7.5755520e-02   1.4476063e-01
   3.0200000e+01   1.2196622e+02  -1.5901912e+01   1.3185021e+02  -1.6326690e-01   5.2176249e-01
   3.0250000e+01   3.1038432e+02  -7.7085336e+00  -5.2514352e+01  -2.7469446e-02  -2.0090084e-01
   3.0300000e+01   2.6467342e+02   2.6607236e+00   7.4525624e+01   1.0705916e-02   2.1924216e-01
   3.0350000e+01   1.5095362e+02   1.7946064e+02   9.6200945e+01   5.6136081e-01   3.5331849e-01
   3.0400000e+01   1.7548142e+02   1.5087583e+02   6.9603323e+01   4.8066650e-01   2.4861720e-01
   3.0450000e+01   9.9668216e+01   2.2519767e+01   1.4133110e+02   1.9564327e-01   5.8346066e-01
   3.0500000e+01   2.0781352e+02   3.2306741e-01   1.8929112e+02   1.6707142e-03   4.7664562e-01
   3.0550000e+01   2.7582242e+02   3.3606353e+01   6.6461789e+01   1.1595163e-01   1.8807400e-01
   3.0600000e+01   3.3379722e+02   6.6852614e+01   4.8875443e+01   1.7735960e-01   1.1590777e-01
   3.0650000e+01   3.3156742e+02   3.7865093e+01   6.5847161e+01   1.0947665e-01   1.5956407e-01
   3.0700000e+01   2.1227312e+02   1.9996806e+01   5.8992738e+01   9.2071701e-02   2.1303481e-01
   3.0750000e+01   3.0703962e+02  -2.3831741e+01   1.5057641e+02  -9.1172475e-02   3.3170734e-01
   3.0800000e+01   1.3423012e+02   2.6801671e+01   7.2148612e+01   1.7691531e-01   3.4306785e-01
   3.0850000e+01   2.0558372e+02  -1.8633160e+01   8.3915926e+01  -1.0811656e-01   2.9334425e-01
   3.0900000e+01   3.8731242e+02  -2.2623608e+01   2.6730170e+01  -6.7098688e-02   6.8452239e-02
   3.0950000e+01   2.1004332e+02   1.9525143e+00   6.5591274e+01   9.9076363e-03   2.3755149e-01
   3.1000000e+01   2.8251182e+02   1.1053259e+00   2.8910180e+01   4.1940870e-03   9.2586474e-02
   3.1050000e+01   1.7659632e+02  -1.4281767e+01   1.2009721e+02  -9.5359981e-02   4.0696885e-01
   3.1100000e+01   2.0223902e+02   2.0871717e+01   8.1792350e+01   9.9988546e-02   2.8394477e-01
   3.1150000e+01   2.2007742e+02  -4.3940117e+00   1.1430879e+02  -2.1964976e-02   3.4250745e-01
   3.1200000e+01   1.9777942e+02  -3.3617004e+00   6.8503409e+01  -1.8638326e-02   2.5797460e-01
   3.1250000e+01   1.4203442e+02   1.1001928e+02   9.0267415e+01   4.5469699e-01   3.6559700e-01
   3.1300000e+01   2.1227312e+02   2.6700254e+00   3.8058362e+01   1.3359443e-02   1.5133952e-01
   3.1350000e+01   2.5129462e+02  -8.9398293e+00   4.3834831e+01  -3.9821138e-02   1.5049569e-01
   3.1400000e+01   2.8920122e+02  -9.5092420e+00   5.5240829e+01  -3.6694902e-02   1.6214696e-01
   3.1450000e+01   2.8920122e+02   1.2363338e+02   1.5187247e+01   3.1516132e-01   1.9431051e-02
   3.1500000e+01   4.3636802e+02   3.5110682e+01  -3.4744040e+01   7.9711223e-02  -9.3822916e-02
   3.1550000e+01   2.7582242e+02  -9.2546295e+00   5.7532783e+01  -3.7472714e-02   1.7434028e-01
   3.1600000e+01   1.5095362e+02  -6.5742678e+00   1.1243683e+02  -4.9188833e-02   4.2797480e-01
   3.1650000e+01   2.0223902e+02   8.0912919e-01   1.3664359e+02   4.2884019e-03   4.0310906e-01
   3.1700000e+01   1.4537912e+02   1.2150510e+01   1.3094139e+02   8.2544210e-02   4.7209952e-01
   3.1750000e+01   1.7548142e+02  -3.2413249e+00   1.2343948e+02  -2.0287235e-02   4.1343680e-01
   3.1800000e+01   2.4794992e+02  -4.0885132e+00   8.4471123e+01  -1.8071267e-02   2.5480986e-01
   3.1850000e+01   2.9589062e+02  -6.4447729e+00   3.6583361e+01  -2.4009856e-02   1.1135132e-01
   3.1900000e+01   2.7024792e+02   1.9501442e+01   6.8053429e+01   7.2081404e-02   1.9762438e-01
   3.1950000e+01   2.2342212e+02   3.6351462e+01   1.3032793e+02   1.4904322e-01   3.6341465e-01
   3.2000000e+01   5.9531816e+01   1.0516503e+01   2.8410350e+01             NaN             NaN
   3.2050000e+01  -2.1855884e+01   3.0220326e+00  -4.8583766e+00             NaN             NaN
   3.2100000e+01  -2.5200584e+01  -1.4013111e+01   3.5938938e+01             NaN             NaN
   3.2150000e+01   1.4935816e+01  -1.2953076e+01   1.4119320e+00             NaN             NaN
   3.2200000e+01  -1.9626084e+01   1.1946966e+01   3.3021145e+01             NaN             NaN
   3.2250000e+01  -3.7464484e+01   6.2068772e+00   8.5476226e+00             NaN             NaN
   3.2300000e+01  -3.7464484e+01   1.8973978e+01   4.8321975e+00             NaN             NaN
   3.2350000e+01  -2.2970784e+01  -1.9679150e+01   3.6567229e+01             NaN             NaN
   3.2400000e+01  -1.2936684e+01   1.9571114e+01  -9.0189823e+00             NaN             NaN
   3.2450000e+01  -1.5166484e+01  -1.2089847e+00  -2.1144106e+00             NaN             NaN
   3.2500000e+01  -1.2936684e+01   2.1394986e+01   3.1947674e+01             NaN             NaN
   3.2550000e+01  -5.7532684e+01   7.0447638e+00  -3.9528802e+01             NaN             NaN
