   3.3650000e+01  -1.0363502e+01  -7.5317731e+00   3.1538302e+01             NaN             NaN
   3.3700000e+01  -7.0188023e+00   9.5033700e+00  -1.1546273e+01             NaN             NaN
   3.3750000e+01  -3.6006202e+01  -7.3620992e-01   5.6818577e+00             NaN             NaN
   3.3800000e+01   5.2070898e+01  -2.9443713e+00   5.7104612e+00             NaN             NaN
   3.3850000e+01  -4.7890023e+00   2.9253947e+00   9.7693696e+00             NaN             NaN
   3.3900000e+01  -1.4443023e+00   9.9292440e+00   1.8126645e+01             NaN             NaN
   3.3950000e+01   1.8623898e+01   2.7078068e+00   4.8619072e+01             NaN             NaN
   3.4000000e+01   1.3049398e+01  -5.0135536e+00   2.2049509e+01             NaN             NaN
   3.4050000e+01  -6.0534002e+01   1.9641178e+01   3.5484846e+01             NaN             NaN
   3.4100000e+01  -1.3708202e+01   7.3508368e+00  -1.8150676e+01             NaN             NaN
   3.4150000e+01  -1.7052902e+01   2.1708590e+00  -1.9850195e+01             NaN             NaN
   3.4200000e+01   3.5532370e+02   8.0046164e+01   2.5409291e+01   1.8259369e-01   6.8385369e-02
   3.4250000e+01   3.5197900e+02   1.0496007e+02   8.9070835e+00   2.2821132e-01   2.7061387e-02
   3.4300000e+01   4.0103460e+02   5.5085934e+01   2.9282045e+00   1.1987647e-01   8.3861234e-03
   3.4350000e+01   4.5454980e+02   1.4854245e+01   9.5831950e+00   3.1387070e-02   2.0911099e-02
   3.4400000e+01   3.8542600e+02   8.3804981e+01   3.4063213e+01   1.7736483e-01   8.2743063e-02
   3.4450000e+01   2.0146750e+02   3.7160189e+02  -6.8234588e+00   6.4651328e-01  -1.8696870e-02
   3.4500000e+01   1.8920360e+02   3.2069088e+02  -1.0247034e+01   6.2696227e-01  -4.1559740e-02
   3.4550000e+01   2.1261650e+02   2.5207811e+02   2.9391773e+01   5.4036241e-01   1.2908015e-01
   3.4600000e+01   3.4974920e+02   8.7827712e+01  -6.0721196e-01   1.9936203e-01   3.7602335e-04
   3.4650000e+01   4.4674550e+02   3.6509254e+01   3.4627275e+01   7.4960820e-02   7.2526131e-02
   3.4700000e+01   3.7316210e+02   1.4506208e+02  -4.7804129e+00   2.7822198e-01  -9.6325333e-03
   3.4750000e+01   1.9143340e+02   3.1228904e+02   4.5581531e+01   6.1797029e-01   2.0116856e-01
   3.4800000e+01   2.1150160e+02   3.3880922e+02  -3.7488958e+01   6.1366811e-01  -1.9585271e-01
   3.4850000e+01   1.7693970e+02   3.1993635e+02   3.5913415e+00   6.4195645e-01   3.4289134e-02
   3.4900000e+01   1.7805460e+02   3.8367464e+02   1.4756706e+01   6.8119250e-01   9.1737219e-02
   3.4950000e+01   2.4048900e+02   3.6637558e+02  -3.1495452e+01   6.0169615e-01  -1.3397894e-01
   3.5000000e+01   1.9700790e+02   2.8170909e+02   5.5850250e+01   5.8641967e-01   2.2810951e-01
   3.5050000e+01   1.9812280e+02   3.8010095e+02  -3.1913744e+00   6.5545447e-01   2.9772600e-05
   3.5100000e+01   1.5575660e+02   3.5005339e+02  -4.2996304e+00   6.9026189e-01  -8.7765114e-03
   3.5150000e+01   1.6356090e+02   3.8676227e+02  -3.8508254e+00   7.0102375e-01  -3.6665876e-03
   3.5200000e+01   1.9031850e+02   3.2241754e+02   1.4716912e+01   6.2684402e-01   8.3894995e-02
   3.5250000e+01   1.5798640e+02   3.6080220e+02  -5.5075523e+00   6.9367857e-01  -1.5899641e-02
   3.5300000e+01   1.6913540e+02   8.7161269e+01   1.5773615e+02   3.3818640e-01   4.8372112e-01
   3.5350000e+01   8.2173198e+01   1.2669611e+01   1.4112479e+02   1.3261070e-01   6.3217762e-01
   3.5400000e+01   1.9923770e+02   1.5657946e+02   7.8991125e+01   4.3797558e-01   2.8728095e-01
   3.5450000e+01   4.2221770e+02   3.9559862e+01   3.8921368e+01   8.5009299e-02   8.5062898e-02
   3.5500000e+01   3.6981740e+02   1.1525984e+02   3.7445067e+01   2.3608447e-01   9.4099905e-02
   3.5550000e+01   1.4237780e+02   2.7482731e+01   2.2623434e+02   1.6065354e-01   6.1398840e-01
   3.5600000e+01   1.0335630e+02   2.8149357e+01   1.9194763e+02   2.1263666e-01   6.5028068e-01
   3.5650000e+01   9.2207298e+01  -1.8843371e+00   1.9762220e+02  -2.0683101e-02   6.8183935e-01
   3.5700000e+01   1.5241190e+02   2.1629047e+02   6.3278754e+01   5.8457630e-01   2.9928789e-01
   3.5750000e+01   1.8697380e+02   3.6739403e+02  -4.0295555e+00   6.6083539e-01  -5.0483519e-03
   3.5800000e+01   1.4460760e+02   3.2640325e+02   2.5820710e+01   6.9118444e-01   1.6495730e-01
   3.5850000e+01   1.6467580e+02   3.7025022e+02   2.7727877e+01   6.9034937e-01   1.5774648e-01
   3.5900000e+01   2.2488040e+02   1.3701680e+02   5.1381495e+01   3.7662169e-01   1.8937022e-01
   3.5950000e+01   9.4437098e+01   3.7134478e+01   1.0862329e+02   2.8052976e-01   5.3564527e-01
   3.6000000e+01   1.0224140e+02   2.1863018e+01   1.0573772e+02   1.7494371e-01   5.0883978e-01
   3.6050000e+01   1.7136520e+02   3.3294362e-01   1.6286897e+02   1.9228420e-03   4.8729431e-01
   3.6100000e+01   1.6802050e+02   7.0081313e+00   1.2324714e+02   3.9716489e-02   4.2325725e-01
   3.6150000e+01   2.0481220e+02  -1.6262464e+01   1.8980230e+02  -8.5462753e-02   4.8080159e-01
   3.6200000e+01   1.2453940e+02   6.2779754e+01   1.3312701e+02   3.3326900e-01   5.1765276e-01
   3.6250000e+01   1.4683740e+02  -1.2119357e+01   1.1857755e+02  -8.9136738e-02   4.4655031e-01
   3.6300000e+01   1.9143340e+02   1.9557645e+01   2.1098840e+02   9.1986206e-02   5.2449104e-01
   3.6350000e+01   1.0558610e+02  -6.6986286e+00   2.0041482e+02  -6.7131857e-02   6.5488488e-01
   3.6400000e+01   1.4906720e+02   3.1891265e+00   1.9920093e+02   2.0773246e-02   5.7200873e-01
   3.6450000e+01   2.0369730e+02   2.7018259e+02   3.4250450e+01   5.6807849e-01   1.5204007e-01
   3.6500000e+01   2.2822510e+02   3.1090490e+02   4.1070611e+01   5.7461545e-01   1.6066229e-01
   3.6550000e+01   1.1227550e+02   3.9032211e+02   4.3910596e+01   7.7514066e-01   2.9594306e-01
   3.6600000e+01   2.5386780e+02   3.8253582e+02   3.9855961e+01   5.9906275e-01   1.4505791e-01
   3.6650000e+01   1.2788410e+02   3.2968531e+02   1.4058740e+01   7.1881011e-01   1.1631009e-01
   3.6700000e+01   1.7136520e+02   1.7633655e+02   8.5999196e+01   5.0503739e-01   3.3796895e-01
   3.6750000e+01   1.5687150e+02   2.7130907e+01   1.6219448e+02   1.4638993e-01   5.0869291e-01
   3.6800000e+01   1.4906720e+02   1.3220420e+01   1.7291894e+02   8.0833055e-02   5.3719829e-01
   3.6850000e+01   1.2453940e+02   2.3057594e+02   6.6324376e+01   6.4737280e-01   3.5405981e-01
   3.6900000e+01   1.8808870e+02   3.7276844e+02  -2.3462565e+00   6.6275518e-01   4.1790900e-03
   3.6950000e+01   1.8362910e+02   2.9655468e+02   2.6775635e+01   6.1558881e-01   1.3748356e-01
   3.7000000e+01   1.3903310e+02   3.4968771e+02   3.2378906e+01   7.1379373e-01   2.0257904e-01
   3.7050000e+01   1.7805460e+02   3.5266882e+02  -1.6083793e+01   6.6262005e-01  -7.9528809e-02
   3.7100000e+01   1.3680330e+02   3.9912666e+02   3.6003090e+01   7.4312744e-01   2.2343082e-01
   3.7150000e+01   1.9589300e+02   3.7208795e+02  -2.7449348e+01   6.5319532e-01  -1.4174377e-01
   3.7200000e+01   1.7916950e+02   3.6989839e+02   2.7731292e+01   6.7182455e-01   1.4686165e-01
   3.7250000e+01   2.0369730e+02   3.3948971e+02   8.1994736e+00   6.2301410e-01   5.1478529e-02
   3.7300000e+01   1.6356090e+02   3.8402647e+02   1.9327810e+01   6.9953380e-01   1.2120258e-01
   3.7350000e+01   2.2711020e+02   3.7027794e+02   3.2144475e+01   6.1783556e-01   1.3438736e-01
   3.7400000e+01   1.9366320e+02   3.3671688e+02   1.7683573e+01   6.3289920e-01   9.5788587e-02
   3.7450000e+01   1.5687150e+02   3.7001877e+02   3.2599991e-01   7.0049991e-01   2.1448857e-02
   3.7500000e+01   1.6467580e+02   3.7389796e+02   9.0217495e+00   6.9244120e-01   6.8800405e-02
   3.7550000e+01   2.3156980e+02   3.9268749e+02  -1.0776093e-01   6.2707423e-01   1.3610987e-02
   3.7600000e+01   1.9700790e+02   3.4372073e+02  -3.6935324e+00   6.3370359e-01  -4.0889580e-03
   3.7650000e+01   2.3156980e+02   5.8007047e+01   6.2490428e+01   1.9896686e-01   2.1381346e-01
   3.7700000e+01   1.6467580e+02   2.5538484e+01   1.5777874e+02   1.3328282e-01   4.8964537e-01
   3.7750000e+01   1.1004570e+02   2.3918339e+01   1.8096804e+02   1.7730743e-01   6.2211519e-01
   3.7800000e+01   1.8920360e+02   3.5254978e+01   1.7264182e+02   1.5595160e-01   4.7754302e-01
   3.7850000e+01   1.4683740e+02   6.4774385e-01   2.4752320e+02   4.3551438e-03   6.2766217e-01
   3.7900000e+01   1.3568840e+02   2.5513802e+02   6.5836404e+01   6.5089972e-01   3.3378614e-01
   3.7950000e+01   1.7470990e+02   3.1192335e+02   1.1355008e+01   6.3903619e-01   7.4083908e-02
   3.8000000e+01   1.8362910e+02   4.2331375e+02   5.7342156e+00   6.9566697e-01   4.8179468e-02
   3.8050000e+01   1.7805460e+02   3.6725980e+02   5.7763598e+01   6.7162238e-01   2.5471309e-01
   3.8100000e+01   2.0035260e+02   3.5528426e+02   8.1920524e+01   6.3746819e-01   2.9765322e-01
   3.8150000e+01   1.1339040e+02   2.3246000e+02   1.0273743e+02   6.7027613e-01   4.8005898e-01
   3.8200000e+01   9.4437098e+01   4.2606092e+01   2.1779970e+02   3.0908853e-01   6.9789330e-01
   3.8250000e+01   1.8808870e+02   3.6091327e+02   2.1852497e+01   6.5549381e-01   1.1685939e-01
   3.8300000e+01   1.2565430e+02   3.8277201e+02   4.9296516e+01   7.5128134e-01   2.9475273e-01
   3.8350000e+01   2.2822510e+02   3.5741363e+02   1.7569930e+01   6.0828622e-01   8.2701947e-02
   3.8400000e+01   1.9254830e+02   2.9304117e+02   2.7146549e+01   6.0145202e-01   1.3328922e-01
   3.8450000e+01   1.6913540e+02   3.3064813e+02   4.3583123e+01   6.5968886e-01   2.1514829e-01
   3.8500000e+01   1.6579070e+02   3.9477527e+02  -7.0399720e+00   7.0248164e-01  -2.2948298e-02
   3.8550000e+01   1.3011390e+02   2.8024635e+02   6.0754276e+01   6.8109567e-01   3.2662152e-01
   3.8600000e+01   2.2153570e+02   2.2485427e+02   2.7840473e+01   5.0160538e-01   1.1832752e-01
   3.8650000e+01   1.5910130e+02   2.5583237e+02   3.5966294e+01   6.1456310e-01   1.9327831e-01
   3.8700000e+01   1.7248010e+02   2.6378518e+02   3.9618014e+01   6.0262291e-01   1.9521029e-01
   3.8750000e+01   1.8139930e+02   1.7819745e+02   1.0406423e+02   4.9343646e-01   3.6786401e-01
   3.8800000e+01   3.2856610e+02   1.7631819e+01   8.9638994e+01   5.0523121e-02   2.1462071e-01
   3.8850000e+01   2.1150160e+02   2.5217532e+02   4.5394483e+01   5.4176367e-01   1.8344602e-01
   3.8900000e+01   1.7359500e+02   3.5670542e+02  -5.1345974e-01   6.7078510e-01   1.4124206e-02
   3.8950000e+01   1.1562020e+02   2.4320881e+02   7.6369644e+01   6.7593712e-01   4.0412903e-01
   3.9000000e+01   7.2139098e+01   2.1751945e+01   1.7444260e+02   2.3017200e-01   7.0766034e-01
   3.9050000e+01   1.4126290e+02   3.4875430e+01   2.1168658e+02   1.9666227e-01   6.0009692e-01
   3.9100000e+01   1.8585890e+02   2.3691450e+01   1.3963474e+02   1.1221422e-01   4.2934315e-01
   3.9150000e+01   1.4906720e+02  -4.1063599e+00   1.1081388e+02  -2.8082403e-02   4.2632602e-01
   3.9200000e+01   2.6167210e+02   2.0728753e+01   1.5807624e+02   7.2829414e-02   3.7685651e-01
   3.9250000e+01   4.1218360e+02  -2.4262093e+00   1.6029319e+02  -5.8709890e-03   2.7997379e-01
   3.9300000e+01   3.9100050e+02   5.4136973e+01   5.7953480e+01   1.2071903e-01   1.2996806e-01
   3.9350000e+01   3.6981740e+02   1.7909534e+02  -6.2919187e+00   3.2441876e-01  -1.3109627e-02
   3.9400000e+01   2.7393600e+02   1.5189011e+02   9.3054018e+01   3.5475918e-01   2.5614973e-01
   3.9450000e+01   1.4906720e+02   1.7780099e+01   1.4496176e+02   1.0576352e-01   4.9327639e-01
   3.9500000e+01   1.6244600e+02   2.9380652e+01   2.1453597e+02   1.5207009e-01   5.6937046e-01
   3.9550000e+01   2.2822510e+02   2.7292866e+01   1.2540326e+02   1.0601065e-01   3.5503750e-01
   3.9600000e+01   1.2899900e+02   1.9529922e+01   1.6311386e+02   1.3052735e-01   5.5864150e-01
   3.9650000e+01   3.9100050e+02   1.0611731e+02   1.0474579e+02   2.1205028e-01   2.1270667e-01
   3.9700000e+01   1.0447120e+02   6.3617640e+01   1.6053016e+02   3.7649129e-01   6.0656557e-01
   3.9750000e+01   1.5352680e+02   4.0189645e+01   1.3100760e+02   2.0608086e-01   4.6106830e-01
   3.9800000e+01   1.6133110e+02   2.4918186e+01   1.8759080e+02   1.3281351e-01   5.3790735e-01
   3.9850000e+01   1.3680330e+02   2.1585243e+01   1.4685377e+02   1.3528908e-01   5.1802440e-01
   3.9900000e+01   1.7470990e+02   1.0984536e+01   1.3193478e+02   5.8685445e-02   4.3042458e-01
   3.9950000e+01   1.8697380e+02   4.4435854e+00   1.6008318e+02   2.3023343e-02   4.6131709e-01
   4.0000000e+01   2.1038670e+02  -7.6291679e+00   1.9339725e+02  -3.7298740e-02   4.7887939e-01
   4.0050000e+01   1.3457350e+02   2.6339346e+01   1.5547653e+02   1.6253395e-01   5.3638764e-01
   4.0100000e+01   1.9477810e+02   4.3888274e+01   1.6480047e+02   1.8262532e-01   4.5887117e-01
   4.0150000e+01   1.3122880e+02   5.0341314e+01   1.8482154e+02   2.7556601e-01   5.8534071e-01
   4.0200000e+01   1.5575660e+02   1.5372954e+01   1.7723608e+02   8.9143979e-02   5.3243375e-01
   4.0250000e+01   1.3122880e+02   2.6630983e+01   1.5316495e+02   1.6751891e-01   5.3892968e-01
   4.0300000e+01   1.0893080e+02   1.8543937e+01   1.4497584e+02   1.4442454e-01   5.7124430e-01
   4.0350000e+01   1.5018210e+02   1.2211272e+01   2.4850864e+02   7.4610306e-02   6.2340882e-01
   4.0400000e+01   1.3011390e+02   3.4935618e+01   2.1856927e+02   2.1026139e-01   6.2715627e-01
   4.0450000e+01   1.3122880e+02   1.8423561e+01   1.4035949e+02   1.2220005e-01   5.1708537e-01
   4.0500000e+01   1.1450530e+02   1.9881747e+01   1.5853592e+02   1.4688226e-01   5.8088671e-01
   4.0550000e+01   1.8139930e+02   2.3168363e+01   1.5800239e+02   1.1240968e-01   4.6583885e-01
   4.0600000e+01   2.1150160e+02   1.2906399e+02   1.1406032e+02   3.7698353e-01   3.5250824e-01
   4.0650000e+01   5.6158020e+02   1.1768996e+02   4.3559485e+01   1.7205278e-01   7.3498221e-02
   4.0700000e+01   4.8799680e+02   6.3006279e+01   2.6986428e+01   1.1349563e-01   5.3376740e-02
   4.0750000e+01   4.2333260e+02   7.3204274e+01   3.0580521e+01   1.4637108e-01   6.8634338e-02
   4.0800000e+01   3.4083000e+02   7.7662181e+01   1.1720231e+02   1.8430288e-01   2.5694198e-01
   4.0850000e+01   1.8585890e+02   2.9818413e+02   1.5151531e+01   6.1402811e-01   8.6772144e-02
   4.0900000e+01   4.9357130e+02   6.5256024e+01   2.6720942e+01   1.1590474e-01   5.2357331e-02
   4.0950000e+01   4.2333260e+02   5.2229751e+01   1.9203232e+01   1.0900422e-01   4.4342373e-02
   4.1000000e+01   5.4708650e+02   2.3200463e+01   4.2728996e+01   4.0353692e-02   7.2751484e-02
   4.1050000e+01   2.4383370e+02   3.0954393e+02   2.5173329e+01   5.5728890e-01   1.0226803e-01
   4.1100000e+01   1.8251420e+02   3.8510966e+02   3.0595941e+01   6.7661371e-01   1.5639204e-01
   4.1150000e+01   1.9366320e+02   3.6225108e+02   5.6782023e+00   6.4971115e-01   4.3111776e-02
   4.1200000e+01   2.3379960e+02   3.9705274e+02   1.6856597e+00   6.2741840e-01   2.1042700e-02
   4.1250000e+01   2.2265060e+02   3.0135967e+02   1.6992332e+01   5.7303715e-01   8.0631904e-02
   4.1300000e+01   2.0146750e+02   3.9987190e+02   1.0599515e+01   6.6308420e-01   6.4814819e-02
   4.1350000e+01   1.2565430e+02   3.7730039e+02   6.3632147e+01   7.4858127e-01   3.4711528e-01
   4.1400000e+01   2.9288930e+02   3.2350530e+02   3.4926224e+01   5.2272772e-01   1.1389788e-01
   4.1450000e+01   4.3782630e+02   1.0568214e+02   1.0900692e+01   1.9312462e-01   2.6221606e-02
   4.1500000e+01   2.3602940e+02   1.2874919e+02   1.2318375e+02   3.5102487e-01   3.4490167e-01
   4.1550000e+01   1.1450530e+02   1.3387372e+02   1.1605007e+02   5.3689001e-01   5.0576410e-01
   4.1600000e+01   3.7985150e+02   1.1347299e+02   9.4801567e+01   2.2852427e-01   2.0133419e-01
   4.1650000e+01   3.6981740e+02   1.1252403e+02   4.4612882e+01   2.3177959e-01   1.0968209e-01
   4.1700000e+01   5.2478850e+02   6.7093757e+01   3.7874257e+01   1.1251036e-01   6.8247115e-02
   4.1750000e+01   2.2711020e+02   2.5446209e+02   9.0845173e+01   5.2629305e-01   2.9049307e-01
   4.1800000e+01   1.6690560e+02   5.5437941e+01   1.0410885e+02   2.4775693e-01   3.8520287e-01
   4.1850000e+01   2.3602940e+02   1.4972371e+02   8.4241316e+01   3.8612933e-01   2.6591827e-01
   4.1900000e+01   4.0772400e+02   9.3715899e+01   2.1462956e+01   1.8561330e-01   5.1750096e-02
   4.1950000e+01   4.8911170e+02   7.7500039e+01   2.7649610e+01   1.3578373e-01   5.4698086e-02
   4.2000000e+01   3.4083000e+02   1.0866800e+02   2.9105290e+01   2.4020906e-01   8.0947601e-02
   4.2050000e+01   4.2667730e+02   7.8384252e+01   1.8556480e+01   1.5409312e-01   4.3095126e-02
   4.2100000e+01   4.7238820e+02   8.6253711e+01  -2.3607852e+01   1.5329927e-01  -5.0905489e-02
   4.2150000e+01   4.0326440e+02   7.0394418e+01   3.3231864e+01   1.4755274e-01   7.7384796e-02
   4.2200000e+01   4.4897530e+02   1.1747712e+02   2.3277185e+01   2.0600585e-01   5.1274885e-02
   4.2250000e+01   5.1698420e+02   6.0478757e+01   2.2622763e+01   1.0394244e-01   4.2826916e-02
   4.2300000e+01   4.0883890e+02   4.6198025e+01   2.6775679e+01   1.0075793e-01   6.2302942e-02
   4.2350000e+01   5.0583520e+02   1.9501834e+01   2.4946948e+01   3.6821756e-02   4.7294794e-02
   4.2400000e+01   5.4039710e+02   3.2903095e+01   3.7085699e+01   5.6937160e-02   6.4667849e-02
   4.2450000e+01   3.4751940e+02   1.2632344e+02   2.9400973e+01   2.6494519e-01   8.0595064e-02
   4.2500000e+01   4.8353720e+02   6.8866743e+01   6.2938078e+01   1.2374848e-01   1.1610791e-01
   4.2550000e+01   3.9211540e+02   6.8630734e+01   1.4351610e+00   1.4788797e-01   5.1061049e-03
   4.2600000e+01   4.8465210e+02   5.4178558e+01  -4.0394230e+00   9.9787016e-02  -7.4494444e-03
   4.2650000e+01   3.2745120e+02   2.1744297e+02   2.1545101e+01   3.9703143e-01   6.6626180e-02
   4.2700000e+01   2.1038670e+02   2.6868738e+02   9.2220708e-02   5.5876566e-01   1.1057317e-02
   4.2750000e+01   2.4048900e+02   3.1074750e+02   2.7334247e+01   5.6164949e-01   1.1073976e-01
   4.2800000e+01   1.9143340e+02   3.7612454e+02   2.0142626e+01   6.6081610e-01   1.0853342e-01
   4.2850000e+01   1.5464170e+02   3.6018190e+02   3.5740810e+01   6.9784379e-01   2.0045543e-01
   4.2900000e+01   2.0035260e+02   3.2063070e+02   3.3189992e+01   6.1343255e-01   1.5190942e-01
   4.2950000e+01   2.3602940e+02   3.8044347e+02   6.0719592e+01   6.1513142e-01   2.1310195e-01
   4.3000000e+01   1.2899900e+02   3.8612811e+02  -8.2687020e+00   7.4798934e-01  -4.0496859e-02
   4.3050000e+01   2.1484630e+02   3.3122210e+02   3.6543786e+01   6.0454020e-01   1.5473481e-01
   4.3100000e+01   1.7136520e+02   3.7787436e+02   1.0847609e+01   6.8617940e-01   7.5657000e-02
   4.3150000e+01   2.1373140e+02   3.0487317e+02  -1.0825702e+01   5.8582404e-01  -4.0206407e-02
   4.3200000e+01   1.7359500e+02   1.3510502e+02   1.0432951e+02   4.3558009e-01   3.7793162e-01
   4.3250000e+01   1.0001160e+02   1.4761957e+01   2.4834772e+02   1.2767434e-01   7.1300908e-01
   4.3300000e+01   1.1116060e+02   7.4062825e+00   1.4164168e+02   6.1972148e-02   5.6039474e-01
   4.3350000e+01   1.3680330e+02   2.5232986e+01   1.4415847e+02   1.5461693e-01   5.1345683e-01
   4.3400000e+01   1.0670100e+02  -7.7077767e+00   1.7079056e+02  -7.7156185e-02   6.1539034e-01
   4.3450000e+01   9.2207298e+01   3.1857288e+01   7.9484759e+01   2.5517108e-01   4.6378645e-01
   4.3500000e+01   8.6632798e+01   3.1431413e+01   2.2135634e+02   2.6457615e-01   7.1895602e-01
   4.3550000e+01   1.0335630e+02   1.9029999e+01   1.4950981e+02   1.5438524e-01   5.9151935e-01
   4.3600000e+01   7.9943398e+01   3.5662431e+01   1.4084554e+02   3.0668393e-01   6.3841064e-01
   4.3650000e+01   1.2230960e+02   1.6465453e+01   2.0464393e+02   1.1776802e-01   6.2606977e-01
   4.3700000e+01   2.4160390e+02   6.5339558e+01   9.5954210e+01   2.1145968e-01   2.8542331e-01
   4.3750000e+01   3.5643860e+02   2.7968611e+01   2.4370294e+01   7.2189938e-02   6.4574027e-02
   4.3800000e+01   1.1227550e+02   2.0076171e+01   1.5165792e+02   1.5060430e-01   5.7487875e-01
   4.3850000e+01   1.4906720e+02   5.9249339e+00   1.1884079e+02   3.7917959e-02   4.4369157e-01
   4.3900000e+01   8.7747698e+01  -9.7029099e+00   1.5962444e+02  -1.2315033e-01   6.4516352e-01
   4.3950000e+01   1.3234370e+02   2.1062156e+01   1.4006157e+02   1.3629947e-01   5.1448192e-01
   4.4000000e+01   1.7136520e+02  -5.1386712e+00   1.8864090e+02  -3.0645662e-02   5.2393647e-01
   4.4050000e+01   1.3457350e+02   2.0867732e+01   1.7209943e+02   1.3326961e-01   5.6143335e-01
   4.4100000e+01   1.4349270e+02  -7.2680413e+00   1.8437370e+02  -5.2880825e-02   5.6226237e-01
   4.4150000e+01   1.2899900e+02  -8.7400880e+00   1.5255267e+02  -7.2021895e-02   5.4170865e-01
   4.4200000e+01   1.4349270e+02   3.1033262e+01   1.3434400e+02   1.7658300e-01   4.8402063e-01
   4.4250000e+01   1.5910130e+02  -1.3335279e+00   1.2191512e+02  -8.3807783e-03   4.3381369e-01
   4.4300000e+01   1.3345860e+02   5.4620353e+00   2.6531592e+02   3.8999840e-02   6.6536672e-01
   4.4350000e+01   7.6598698e+01   1.3005075e+00   1.9730463e+02   1.6556642e-02   7.2035521e-01
   4.4400000e+01   1.1896490e+02  -4.2174336e+00   2.9845627e+02  -3.6433621e-02   7.1497610e-01
   4.4450000e+01   8.9977498e+01   7.4294456e+00   2.1030942e+02   7.5679218e-02   7.0042392e-01
   4.4500000e+01   1.6467580e+02   6.3878326e+00   1.8965536e+02   3.7039379e-02   5.3531936e-01
   4.4550000e+01   1.4014800e+02   3.0548896e+00   2.2668518e+02   2.1156952e-02   6.1797844e-01
   4.4600000e+01   1.4906720e+02  -3.1944241e+00   1.1528639e+02  -2.1710496e-02   4.3604944e-01
   4.4650000e+01   1.7025030e+02  -5.0414588e+00   1.9549457e+02  -3.0251221e-02   5.3445679e-01
   4.4700000e+01   1.8808870e+02   8.5508659e+01   8.4681699e+01   3.1072261e-01   3.1226397e-01
   4.4750000e+01   1.7248010e+02   3.0299842e+02   4.4380546e+01   6.3529450e-01   2.1388906e-01
   4.4800000e+01   1.7693970e+02   3.1720054e+02   3.1344497e+01   6.3998015e-01   1.6123390e-01
   4.4850000e+01   1.5241190e+02   3.1113179e+02   6.2547443e-02   6.6933583e-01   1.7278029e-02
   4.4900000e+01   1.6356090e+02   3.5393258e+02   7.7588439e+01   6.8210747e-01   3.3001578e-01
   4.4950000e+01   8.9977498e+01   2.2355823e+02   2.1449902e+01   7.1129156e-01   2.0590264e-01
   4.5000000e+01   9.3322198e+01   2.0816846e+01   2.5912329e+02   1.8112520e-01   7.3534672e-01
   4.5050000e+01   1.6467580e+02  -8.2031402e+00   1.8213851e+02  -5.1961493e-02   5.2508140e-01
   4.5100000e+01   1.7805460e+02   4.3093485e+00   1.5325853e+02   2.3436372e-02   4.6263790e-01
   4.5150000e+01   9.8896698e+01   2.0330784e+01   1.3565180e+02   1.6932947e-01   5.7866009e-01
   4.5200000e+01   1.2676920e+02  -2.1312765e+01   2.1800789e+02  -2.0006009e-01   6.3212420e-01
   4.5250000e+01   1.2676920e+02   9.6930527e+00   1.4592169e+02   7.0475640e-02   5.3525655e-01
   4.5300000e+01   7.3253998e+01   3.4160162e+00   1.3989478e+02   4.4196572e-02   6.5637090e-01
   4.5350000e+01   1.1785000e+02   2.1413981e+01   2.0181417e+02   1.5266944e-01   6.3153947e-01
   4.5400000e+01   1.6467580e+02   5.0160751e+01   1.5044990e+02   2.3197494e-01   4.7812697e-01
   4.5450000e+01   2.0481220e+02   3.0656281e+02   4.8476168e+01   5.9745738e-01   1.9953668e-01
   4.5500000e+01   1.7025030e+02   3.8161932e+02   3.5591312e+01   6.8969775e-01   1.8560656e-01
   4.5550000e+01   1.5464170e+02   3.3008802e+02   1.1660079e+01   6.7913540e-01   8.5384444e-02
   4.5600000e+01   1.4126290e+02   2.6468325e+02   2.1296883e+01   6.5009662e-01   1.4275045e-01
   4.5650000e+01   1.4460760e+02   1.9080885e+01   1.6083813e+02   1.1570120e-01   5.2681724e-01
   4.5700000e+01   1.8697380e+02  -1.1971259e+01   1.9394103e+02  -6.7791785e-02   5.0901560e-01
   4.5750000e+01   2.1373140e+02   4.6795343e+01   1.1639582e+02   1.7837682e-01   3.5334971e-01
   4.5800000e+01   1.8585890e+02   1.9131771e+01   1.7674096e+02   9.2617611e-02   4.8765439e-01
   4.5850000e+01   2.1373140e+02  -7.0088691e+00   1.7044697e+02  -3.3609939e-02   4.4358085e-01
   4.5900000e+01   1.8697380e+02   3.4459564e+02   4.1978679e+01   6.4633229e-01   1.9356085e-01
   4.5950000e+01   1.7582480e+02   3.1456195e+02   5.9089542e+01   6.3951178e-01   2.5987305e-01
   4.6000000e+01   1.9923770e+02   2.9610564e+02   1.0226674e+02   5.9574588e-01   3.4460243e-01
   4.6050000e+01   4.2036798e+01   2.6200550e+01   1.5114701e+02   3.8196592e-01   7.8264795e-01
   4.6100000e+01   8.9977498e+01   1.7460739e+01   1.5429305e+02   1.6137241e-01   6.3186954e-01
   4.6150000e+01   7.7713598e+01   1.0516398e+02   1.3993820e+02   5.7298572e-01   6.4439060e-01
   4.6200000e+01   7.6598698e+01   2.5010838e+01   1.7864151e+02   2.4458248e-01   7.0014280e-01
   4.6250000e+01   5.8760298e+01   3.7678410e+00   1.5361493e+02   5.9781757e-02   7.2335977e-01
   4.6300000e+01   1.0112650e+02  -1.7253009e+01   1.4671228e+02  -2.0362015e-01   5.9172754e-01
   4.6350000e+01   1.3122880e+02   1.2040011e+01   1.8910603e+02   8.3389957e-02   5.9046813e-01
   4.6400000e+01   1.0447120e+02   3.4298776e+00   1.6268842e+02   3.1528289e-02   6.0899810e-01
   4.6450000e+01   6.4334798e+01  -3.1017714e+00   1.3607148e+02  -5.0207716e-02   6.7893633e-01
   4.6500000e+01   4.4266598e+01   9.2577438e+01   1.0940747e+02   6.7466654e-01   7.1339723e-01
   4.6550000e+01   8.6632798e+01   3.5060894e+02   7.2459328e+00   8.0051972e-01   1.0529121e-01
   4.6600000e+01   9.6666898e+01   1.1171879e+02   1.4144522e+02   5.3401405e-01   5.9562373e-01
   4.6650000e+01   7.2139098e+01   1.0808715e+01   1.5965592e+02   1.2935310e-01   6.8890266e-01
   4.6700000e+01   7.4368898e+01  -7.6244258e+00   1.8001045e+02  -1.1316344e-01   7.0757197e-01
   4.6750000e+01   5.6530498e+01  -1.7012258e+01   6.2167317e+01             NaN   5.2316955e-01
   4.6800000e+01   3.7577198e+01  -3.1774492e+01   6.6841630e+00             NaN             NaN
   4.6850000e+01   4.0921898e+01  -3.2066129e+01  -2.4405476e+00             NaN             NaN
   4.6900000e+01   1.7508998e+01  -4.3703707e+01   5.7811036e+00             NaN             NaN
   4.6950000e+01   6.4334798e+01  -2.1340487e+01   4.2046793e+01             NaN             NaN
   4.7000000e+01   1.3049398e+01  -1.9604526e+01   4.4267038e+01             NaN             NaN
   4.7050000e+01   4.9841098e+01  -1.9164791e+01   2.5828534e+01             NaN             NaN
   4.7100000e+01   5.2450977e+00  -1.7100168e+01   3.2569945e+01             NaN             NaN
   4.7150000e+01   3.8692098e+01  -2.1840411e+01   3.3017263e+01             NaN             NaN
   4.7200000e+01  -5.9039023e+00  -3.3454825e+01   6.9799516e+00             NaN             NaN
   4.7250000e+01   4.1301977e+00  -9.7074695e+00   2.2596701e+01             NaN             NaN
   4.7300000e+01   4.1301977e+00   7.6193107e+00   3.2094777e+01             NaN             NaN
   4.7350000e+01   2.1968598e+01  -4.0444813e+01   5.8012476e+01             NaN             NaN
   4.7400000e+01   5.8760298e+01  -2.8149912e+01  -1.6646422e+01             NaN             NaN
   4.7450000e+01   9.1092398e+01  -1.1818419e+01   8.8936350e+00             NaN             NaN
   4.7500000e+01   3.8692098e+01  -7.2494378e+00   2.9097814e+01             NaN             NaN
   4.7550000e+01   7.8549773e-01  -3.9442177e+00   1.0524001e+01             NaN             NaN
   4.7600000e+01  -1.5938002e+01  -1.7988941e+01   2.8147375e+01             NaN             NaN
   4.7650000e+01  -3.6741023e+00   9.2374951e-02   1.0083515e+01             NaN             NaN
