   2.4500000e+00  -5.6883127e+01  -1.7439568e+01  -5.9611653e+00             NaN             NaN
   2.4850000e+00  -5.5768227e+01  -2.3008395e+01  -2.8213585e+01             NaN             NaN
   2.5200000e+00  -4.6849027e+01  -2.8345773e+01  -3.4500427e+01             NaN             NaN
   2.5550000e+00  -4.0159627e+01  -6.5903700e-01  -1.4741534e+01             NaN             NaN
   2.5900000e+00  -7.8275271e+00   3.8172911e+00  -3.8861444e+00             NaN             NaN
   2.6250000e+00   7.7810729e+00  -2.1033609e+00   1.0461012e+01             NaN             NaN
   2.6600000e+00  -1.0057327e+01  -2.3718348e+00  -2.6060881e+01             NaN             NaN
   2.6950000e+00  -1.3402027e+01   7.9510960e+00  -2.7207341e+01             NaN             NaN
   2.7300000e+00  -2.9010627e+01  -1.6311606e+00  -1.4660436e+01             NaN             NaN
   2.7650000e+00  -5.5768227e+01   7.0193598e-01  -3.3153151e+01             NaN             NaN
   2.8000000e+00   1.3355573e+01  -8.9729733e+00   2.0666034e+00             NaN             NaN
   2.8350000e+00  -7.8275271e+00  -2.5662595e+00  -2.6044662e+01             NaN             NaN
   2.8700000e+00  -1.1172227e+01   4.1089281e+00  -1.3059514e+01             NaN             NaN
   2.9050000e+00  -3.3679271e+00  -1.7546082e+01   9.9288662e+00             NaN             NaN
   2.9400000e+00  -3.3470227e+01   9.7009185e+00   3.4402703e+01             NaN             NaN
   2.9750000e+00   2.2065729e+00   2.0304441e+00   7.7251556e+00             NaN             NaN
   3.0100000e+00  -6.7126271e+00  -4.4873435e+00  -2.3545268e+01             NaN             NaN
   3.0450000e+00  -5.5977271e+00   1.0918353e+01  -2.9845879e+01             NaN             NaN
   3.0800000e+00   1.1125773e+01  -5.7112639e-01  -1.7165802e+01             NaN             NaN
   3.1150000e+00   4.4363729e+00   2.7370222e+01   4.3768465e+01             NaN             NaN
   3.1500000e+00   9.6973073e+01   1.1505486e+02   3.3730340e+01   5.3719858e-01   2.7195419e-01
   3.1850000e+00   1.6832667e+02   4.9557437e+01   1.1864697e+02   2.2362239e-01   4.1562865e-01
   3.2200000e+00   1.3933927e+02   3.6582050e+01   7.2137860e+01   2.0436060e-01   3.4357462e-01
   3.2550000e+00   2.1292267e+02   1.6330866e+02  -1.6893759e+00   4.2869122e-01   8.6098372e-03
   3.2900000e+00   1.2038597e+02   3.1851109e+01   1.6649174e+02   2.0561925e-01   5.8136498e-01
   3.3250000e+00   8.6938973e+01   4.7534581e+01   1.1221330e+02   3.4849644e-01   5.6570086e-01
   3.3600000e+00   1.4379887e+02   8.0878055e+01   5.1160901e+01   3.5494357e-01   2.6898860e-01
   3.3950000e+00   1.4491377e+02   2.0593080e+01   6.4763569e+01   1.2205741e-01   3.1034015e-01
   3.4300000e+00   1.7390117e+02   1.7035884e+02   1.1342294e+01   4.8938008e-01   7.9570228e-02
   3.4650000e+00   1.5160317e+02   1.6591953e+02   4.6203080e+01   5.1707601e-01   2.4725841e-01
   3.5000000e+00   1.6275217e+02   9.7464161e+01   2.8673191e+01   3.6943305e-01   1.5906513e-01
   3.5350000e+00   1.3599457e+02   1.8004761e+02   3.0937818e+01   5.6431680e-01   2.0393551e-01
   3.5700000e+00   1.7278627e+02   1.9963799e+02   3.0942407e+01   5.3059781e-01   1.6951389e-01
   3.6050000e+00   1.1369657e+02   1.9840670e+02  -3.7391130e+01   6.3062052e-01             NaN
   3.6400000e+00   1.2373067e+02   2.3309728e+02  -4.7004420e+00   6.4826985e-01   2.8227112e-03
   3.6750000e+00   1.2707537e+02   1.5711498e+02  -9.9326936e+00   5.4742985e-01  -5.4156223e-02
   3.7100000e+00   1.1815617e+02   2.6367723e+02   4.9074120e+01   6.8585522e-01   3.1679352e-01
   3.7450000e+00   1.5494787e+02   1.4191757e+02   1.2283557e+01   4.7259043e-01   9.0182056e-02
   3.7800000e+00   1.2819027e+02   1.6704906e+02   2.0974926e+01   5.6041980e-01   1.6097480e-01
   3.8150000e+00   3.1660837e+02   1.9348115e+02  -7.4715164e-01   3.7416464e-01   1.0764274e-02
   3.8500000e+00   1.4156907e+02   7.2056797e+00   2.9673257e+01   4.7433821e-02   1.7403533e-01
   3.8850000e+00   1.7278627e+02   9.9325057e+01  -2.8741356e+01   3.5995408e-01  -1.8187238e-01
   3.9200000e+00   2.1515247e+02   1.9412005e+02  -2.8014157e+01   4.6884639e-01  -1.2442492e-01
   3.9550000e+00   1.7167137e+02   1.8149649e+02   9.5289278e-01   5.0843630e-01   2.7671014e-02
   3.9900000e+00   7.0215473e+01   1.9672637e+02  -4.9918164e-01   7.3269499e-01   5.0871667e-02
   4.0250000e+00   1.8059057e+02   7.4509905e+00   1.1250972e+01   3.8798914e-02   5.9438753e-02
   4.0600000e+00   1.0143267e+02   3.4098381e+00   8.0517118e+01   3.1841161e-02   4.4275011e-01
   4.0950000e+00   1.9619917e+02   9.7377607e+00   4.2978102e+01   4.6308043e-02   1.8041443e-01
   4.1300000e+00   1.2373067e+02   2.2762567e+02  -3.8397271e+01   6.4283480e-01             NaN
   4.1650000e+00   1.1481147e+02   7.9757833e+01   5.8219873e+01   4.0463184e-01   3.4303164e-01
   4.2000000e+00   9.0283673e+01   3.8123586e+01   1.1783226e+02   2.9234349e-01   5.6790077e-01
   4.2350000e+00   1.8727997e+02   2.1478908e+02   1.0913542e+01   5.2875472e-01   7.6744998e-02
   4.2700000e+00   1.2930517e+02   2.1346057e+02   4.0940295e+01   6.1759932e-01   2.6056684e-01
   4.3050000e+00   1.5606277e+02   2.1112747e+02  -3.6631910e+01   5.6961925e-01  -2.5851479e-01
   4.3400000e+00   1.5606277e+02   1.0990260e+02   5.9320019e+01   4.0792024e-01   2.8334032e-01
   4.3750000e+00   1.4268397e+02   1.1836463e+02   7.2130167e+01   4.4799671e-01   3.4361607e-01
   4.4100000e+00   1.7947567e+02   5.2233057e+01   6.5713045e+01   2.2162356e-01   2.7137335e-01
   4.4450000e+00   1.4491377e+02   9.6498501e+00   9.5722091e+01   6.1162828e-02   3.9831094e-01
   4.4800000e+00   1.5829257e+02   2.0997512e+00   8.9671711e+01   1.2811319e-02   3.6174867e-01
   4.5150000e+00   1.7167137e+02   1.2860421e+02   4.3465737e+01   4.2293209e-01   2.1224081e-01
   4.5500000e+00   1.7055647e+02   1.8159370e+02  -1.2778777e+01   5.1019844e-01  -5.4690021e-02
   4.5850000e+00   1.3487967e+02   1.4093158e+02   4.4465256e+01   5.0549617e-01   2.6052241e-01
   4.6200000e+00   1.4045417e+02   1.5230068e+02   5.0041431e+01   5.1476310e-01   2.7524586e-01
   4.6550000e+00   1.9954387e+02   1.3164552e+02   5.9067231e+01   3.9225883e-01   2.3681957e-01
   4.6900000e+00   1.6832667e+02   2.1188201e+02  -7.0123459e+00   5.5186702e-01  -1.4594745e-02
   4.7250000e+00   2.5082927e+02   1.8827345e+02  -9.1505283e+00   4.2341182e-01  -2.0634396e-02
   4.7600000e+00   1.6832667e+02  -5.1587106e+00   1.2476768e+02  -3.0909733e-02   4.2547207e-01
   4.7950000e+00   1.2707537e+02   2.1236542e+01   1.4478992e+02   1.4052178e-01   5.3336945e-01
   4.8300000e+00   1.7724587e+02   2.1475205e+02   1.7804345e+01   5.4240795e-01   1.1245443e-01
   4.8650000e+00   1.6609687e+02   2.3213902e+02   2.7323335e+01   5.7758304e-01   1.6302966e-01
   4.9000000e+00   1.7836077e+02   5.6889948e+01   1.0407830e+02   2.3783325e-01   3.7124237e-01
   4.9350000e+00   1.2150087e+02   6.9143265e+01   9.8274082e+01   3.5763432e-01   4.5090092e-01
   4.9700000e+00   1.2930517e+02   1.2834695e+01   1.5487329e+02   8.8512896e-02   5.4543087e-01
   5.0050000e+00   1.3042007e+02   2.1427529e+02   7.9729813e+01   6.1647078e-01   3.9280969e-01
   5.0400000e+00   2.1626737e+02   1.7578413e+02   6.0558284e+00   4.4295824e-01   4.3623493e-02
   5.0750000e+00   1.3153497e+02   1.9411549e+02  -3.5917800e-01   5.9080027e-01   2.8414906e-02
   5.1100000e+00   1.3822437e+02   2.0173964e+02   4.6803835e+01   5.8811875e-01   2.7019653e-01
   5.1450000e+00   1.7501607e+02   1.9214808e+02   3.4061981e+01   5.1786305e-01   1.7925872e-01
   5.1800000e+00   1.3264987e+02   1.5480504e+02   3.1482559e+01   5.3308845e-01   2.0799759e-01
   5.2150000e+00   2.1403757e+02   1.2742042e+01   5.4034100e+01   5.5036455e-02   2.0238734e-01
   5.2500000e+00   1.3933927e+02   5.2996894e+01   1.2062137e+02   2.7119178e-01   4.6635584e-01
   5.2850000e+00   2.0511837e+02   5.3123186e+00   8.0047188e+01   2.4711496e-02   2.8099448e-01
   5.3200000e+00   1.3264987e+02   3.0781774e+01   1.0711218e+02   1.8502051e-01   4.4827846e-01
   5.3550000e+00   9.6973073e+01   6.5810322e+01   9.6420477e+01   3.9901702e-01   5.0224147e-01
   5.3900000e+00   1.7836077e+02   2.1324452e+01   4.8587996e+01   1.0471874e-01   2.1568916e-01
   5.4250000e+00   1.5160317e+02   2.3978633e+02   1.9642045e+01   6.0744284e-01   1.4077052e-01
   5.4600000e+00   2.3522067e+02   2.1516863e+02  -2.8131216e+01   4.7227647e-01  -1.1083267e-01
   5.4950000e+00   1.4825847e+02   2.8508865e+01   1.2791307e+02   1.5833780e-01   4.6436336e-01
   5.5300000e+00   1.3822437e+02   1.9809190e+02  -9.9696182e+00   5.8369171e-01  -4.2833262e-02
   5.5650000e+00   1.2596047e+02   7.9697645e+01   9.0220599e+01   3.8233855e-01   4.2195556e-01
   5.6000000e+00   1.9619917e+02   2.0033234e+02  -1.9513043e+01   4.9973536e-01  -8.3812405e-02
   5.6350000e+00   1.8727997e+02   1.6280874e+02   3.0451774e+01   4.5960462e-01   1.5357296e-01
   5.6700000e+00   1.6944157e+02   1.5250897e+02   2.9360911e+01   4.6824513e-01   1.6162444e-01
   5.7050000e+00   1.6386707e+02   2.2503796e+02  -1.6111702e+00   5.7329503e-01   1.9534799e-02
   5.7400000e+00   1.4602867e+02   1.7278915e+02   5.6884749e+01   5.3652560e-01   2.9337786e-01
   5.7750000e+00   2.2184187e+02   2.1359937e+02   6.3864020e+00   4.8506229e-01   4.7302153e-02
   5.8100000e+00   1.5940747e+02   1.4973614e+02  -2.2911010e+01   4.7888884e-01  -1.4073596e-01
   5.8450000e+00   1.9508427e+02   1.9222213e+02   4.2695534e+00   4.9082955e-01   4.1443675e-02
   5.8800000e+00   2.0177367e+02   8.4942370e+01   8.0296872e+01   2.9171288e-01   2.8930674e-01
   5.9150000e+00   2.0846307e+02   1.8558397e+02  -1.8828382e+00   4.6551474e-01   1.0153509e-02
   5.9500000e+00   1.4156907e+02   1.6314670e+02  -1.0643361e+01   5.2995313e-01  -5.2865573e-02
   5.9850000e+00   1.9173957e+02   1.7062731e+02   1.5842547e+01   4.6541475e-01   9.2482599e-02
   6.0200000e+00   1.7055647e+02   9.0400124e+01   7.9763763e+01   3.4147529e-01   3.2393710e-01
   6.0550000e+00   1.3376477e+02   2.1565203e+01   8.5267811e+01   1.3623638e-01   3.9059288e-01
   6.0900000e+00   1.6944157e+02   8.6849593e+01   1.0761082e+02   3.3398052e-01   3.9253932e-01
   6.1250000e+00   1.6052237e+02   1.9979540e+02   1.2208306e+00   5.4908009e-01   3.3418823e-02
   6.1600000e+00   1.3822437e+02   2.1997836e+02   3.5614559e+01   6.0891292e-01   2.2609057e-01
   6.1950000e+00   2.1849717e+02   2.1389100e+02  -2.3372307e+01   4.8919857e-01  -9.3801731e-02
   6.2300000e+00   1.6163727e+02   1.4315816e+02   1.4415452e+01   4.6423354e-01   9.7777893e-02
   6.2650000e+00   1.1035187e+02   4.0933443e+01   1.1746818e+02   2.6626954e-01   5.1749672e-01
   6.3000000e+00   1.7167137e+02  -2.7145403e+00   1.8624200e+02  -1.5712879e-02   5.2027612e-01
   6.3350000e+00   4.2342973e+01  -1.4692008e+00   9.0358468e+01  -3.5138620e-02   6.8083894e-01
   6.3700000e+00  -8.9424271e+00  -7.9406620e+00   2.9453539e+01             NaN             NaN
   6.4050000e+00   4.4363729e+00  -1.7314632e+01   3.5043483e+01             NaN             NaN
   6.4400000e+00  -2.2321227e+01   5.2137270e-01   1.0930072e+00             NaN             NaN
   6.4750000e+00  -1.3402027e+01   1.4334647e+01   2.4685557e+01             NaN             NaN
   6.5100000e+00   3.1193973e+01  -2.3209488e+00   3.5655141e+00             NaN             NaN
   6.5450000e+00  -1.6746727e+01   7.3307973e+00  -1.7980618e+01             NaN             NaN
   6.5800000e+00  -2.4551027e+01  -1.5699047e+01   2.9129999e+00             NaN             NaN
   6.6150000e+00  -2.3227083e-02  -1.3278040e+01   7.1558766e+00             NaN             NaN
   6.6500000e+00   2.5619473e+01  -1.9161667e+01   2.3761269e+01             NaN             NaN
   6.6850000e+00   1.0916729e+00   7.5992712e+00  -2.0342145e+01             NaN             NaN
   6.7200000e+00   1.0010873e+01  -1.1417144e+01  -2.7386071e+01             NaN             NaN
   6.7550000e+00  -1.8976527e+01   2.9655430e+00   1.2247601e+01             NaN             NaN
   6.7900000e+00  -3.3679271e+00   7.0761848e+00   7.1745477e+00             NaN             NaN
   6.8250000e+00   2.2065729e+00  -4.3531065e+00  -2.9970618e+00             NaN             NaN
   6.8600000e+00  -3.9044727e+01   1.7482467e+01  -2.8209960e+01             NaN             NaN
   6.8950000e+00  -2.3436127e+01  -1.3972388e+01   4.1600506e+01             NaN             NaN
   6.9300000e+00  -1.5631827e+01   2.1824558e+01  -3.5938771e+00             NaN             NaN
   6.9650000e+00  -3.9044727e+01  -5.3159284e+00  -4.3957745e+01             NaN             NaN
   7.0000000e+00  -3.0125527e+01  -1.4301049e+01  -1.7814901e+01             NaN             NaN
