-7.39306299664421
-11.0911626030215
-10.4796067486588
-10.1430450878814
-10.5259115383365
-11.3161903842454
-10.2133882250011
-9.98960626578107
-10.4179848562255
-11.465825495997
-11.4268735807523
-9.5865220689532
-9.60170682436754
-9.91400767364195
-11.3060488482896
-9.85293918308432
-9.35659879986434
-9.44845155041859
-10.4147512857577
-9.99524269218965
-9.17082580079558
-9.28617945365514
-9.6858738164929
-9.99429951538106
-9.09811481506302
-9.22079963639894
-9.34199732043973
-9.88500467447728
-9.09161965852177
-9.22086006768554
-9.2138317353975
-9.57880644376887
-8.99829581928771
-9.4368816884661
-9.42999291207349
-9.67384317555029
-13.6649513836093
-16.0094294665541
-16.9967654397302
-15.8548403956678
-35.7793475425396
-16.2329994961286
-18.5791043234297
-14.4693493654763
-51.4125143127663
-16.6371977255995
-20.0512337553173
-12.7729911907747
-65.6488780354746
-17.4017672259537
-21.6721361236129
-12.3593519421598
-42.4191583500421
-8.25808556300952
-14.759074372101
-19.4117844142611
-15.2192288152333
-10.7515141963912
-13.7598134415462
-20.2279032007646
-10.3985699487991
-8.58356808301351
-12.4193478922348
-20.5997540340847
-10.1700376759808
-8.93705438147301
-16.4009052616349
-16.3179505400469
-10.2598257193542
-8.8151937645616
-48.1525698704662
-15.145974408263
-109.218962468572
-237.757780075559
-32.8228928150898
-33.1919472740779
-103.138561391936
-81.8751111444064
-49.2186624794392
-7.26812943427623
-7.37427715115121
-5.72127951912633
-7.56035546520201
-10.0916912743511
-11.5212533399514
-11.643660494305
-14.3336348958788
-10.7562355698956
-11.5018179181381
-11.9672224277607
-13.5978121018716
-15.7508560098657
-16.164021120771
-17.206883036862
-28.6159615832855
-36.0304968597054
-39.1094204103737
-40.7799412008919
-40.3024168830628
-39.2899681871753
